0.257 0.00
0.645 0.00
1.207 0.00
1.771 0.00
2.332 0.00
2.894 0.00
3.458 0.00
4.024 0.00
4.587 0.00
5.152 0.00
5.712 0.00
6.273 0.00
6.838 0.00
7.403 0.00
7.965 0.00
8.527 0.00
9.092 0.00
9.656 0.00
10.221 0.00
10.784 0.00
11.354 0.00
11.915 0.00
12.475 0.00
13.039 0.00
13.603 0.00
14.170 0.00
14.735 0.00
15.298 0.00
15.861 0.00
16.425 0.00
16.988 0.00
17.554 0.00
18.118 0.00
18.681 0.00
19.243 0.00
19.808 0.00
20.374 0.00
20.938 0.00
21.502 0.00
22.065 0.00
22.628 0.00
23.190 0.00
23.754 105.00
24.316 0.00
24.878 0.00
25.454 0.00
26.031 0.00
26.610 0.00
27.195 0.00
27.765 0.00
28.343 0.00
28.923 0.00
29.500 0.00
30.083 0.00
30.664 0.00
31.243 0.00
31.823 749.00
32.402 351.00
32.983 0.00
33.565 772.00
34.141 528.00
34.721 168.00
35.301 0.00
35.881 673.00
36.460 375.00
37.028 292.00
37.601 0.00
38.179 0.00
38.744 0.00
39.307 0.00
39.871 312.00
40.432 0.00
40.997 0.00
41.573 0.00
42.153 0.00
42.733 0.00
43.313 0.00
43.896 0.00
44.472 0.00
45.053 0.00
45.633 248.00
46.214 0.00
46.791 0.00
47.370 0.00
47.948 0.00
48.527 0.00
49.107 0.00
49.686 0.00
50.266 0.00
50.846 0.00
51.424 0.00
52.000 0.00
52.579 0.00
53.159 0.00
53.739 0.00
54.315 0.00
54.893 0.00
55.474 0.00
56.056 0.00
56.634 0.00
57.213 0.00
57.791 0.00
58.369 0.00
58.947 0.00
59.528 0.00
60.106 0.00
60.685 0.00
61.262 0.00
61.840 0.00
62.417 0.00
62.997 0.00
63.579 0.00
64.158 90.00
64.722 0.00
65.289 0.00
65.856 0.00
66.419 0.00
66.985 0.00
67.548 0.00
68.112 0.00
68.679 0.00
69.244 0.00
69.810 0.00
70.375 0.00
70.941 0.00
71.505 0.00
72.067 0.00
72.631 0.00
73.196 0.00
73.760 0.00
74.326 0.00
74.892 0.00
75.456 70.00
76.021 0.00
76.584 0.00
77.160 0.00
77.740 0.00
78.321 0.00
78.901 0.00
79.482 0.00
80.062 0.00
80.635 0.00
81.200 0.00
81.763 0.00
82.325 0.00
82.888 0.00
83.451 0.00
84.015 0.00
84.577 0.00
85.145 119.00
85.714 0.00
86.278 0.00
86.842 0.00
87.407 0.00
87.970 36.00
88.539 0.00
89.101 0.00
89.667 80.00
90.230 0.00
90.796 0.00
91.361 0.00
91.923 0.00
92.484 0.00
93.046 0.00
93.609 0.00
94.170 0.00
94.735 0.00
95.301 0.00
95.868 0.00
96.431 0.00
96.993 0.00
97.555 0.00
98.117 57.00
98.688 0.00
99.244 0.00
99.806 0.00
100.371 0.00
100.934 0.00
101.503 0.00
102.062 0.00
102.624 0.00
103.188 0.00
103.752 0.00
104.316 0.00
104.881 0.00
105.441 0.00
106.002 0.00
106.567 0.00
107.133 0.00
107.699 0.00
108.264 0.00
108.829 0.00
109.391 0.00
109.953 0.00
110.515 0.00
111.080 0.00
111.644 0.00
112.207 0.00
112.772 0.00
113.334 0.00
113.897 0.00
114.461 0.00
115.028 0.00
115.593 0.00
116.160 0.00
116.725 0.00
117.287 0.00
117.849 0.00
118.412 0.00
118.974 0.00
119.538 0.00
120.101 0.00
120.665 0.00
121.229 0.00
121.793 76.00
122.358 0.00
122.920 0.00
123.482 0.00
124.047 0.00
124.610 0.00
125.173 0.00
125.735 0.00
126.296 0.00
126.859 0.00
127.420 0.00
127.984 63.00
128.547 76.00
129.112 0.00
129.676 0.00
130.247 0.00
130.809 0.00
131.374 0.00
131.938 0.00
132.501 0.00
133.066 0.00
133.631 0.00
134.195 62.00
134.759 0.00
135.323 0.00
135.889 0.00
136.452 0.00
137.016 0.00
137.581 0.00
138.144 0.00
138.708 0.00
139.275 0.00
139.840 0.00
140.406 0.00
140.969 0.00
141.531 0.00
142.094 0.00
142.656 0.00
143.218 0.00
143.784 0.00
144.350 0.00
144.915 0.00
145.482 118.00
146.046 0.00
146.611 0.00
147.173 0.00
147.736 0.00
148.302 0.00
148.866 0.00
149.432 0.00
149.998 0.00
150.560 0.00
151.126 0.00
151.692 0.00
152.257 0.00
152.819 0.00
153.382 0.00
153.947 0.00
154.511 0.00
155.076 49.00
155.643 0.00
156.210 0.00
156.775 0.00
157.339 0.00
157.903 0.00
158.470 0.00
159.034 0.00
159.598 99.00
160.163 0.00
160.727 0.00
161.293 0.00
161.857 86.00
162.419 0.00
162.984 0.00
163.549 0.00
164.112 0.00
164.675 0.00
165.237 0.00
165.802 0.00
166.362 0.00
166.939 0.00
167.518 0.00
168.099 0.00
168.679 0.00
169.255 0.00
169.821 0.00
170.383 0.00
170.948 0.00
171.521 0.00
172.096 0.00
172.675 0.00
173.256 0.00
173.837 0.00
174.416 0.00
174.996 0.00
175.563 0.00
176.127 0.00
176.689 0.00
177.254 0.00
177.820 0.00
178.389 25.00
178.949 0.00
179.514 0.00
180.078 0.00
180.639 0.00
181.203 0.00
181.769 0.00
182.334 69.00
182.900 0.00
183.467 0.00
184.031 140.00
184.603 25.00
185.175 0.00
185.754 0.00
186.335 0.00
186.913 0.00
187.487 0.00
188.062 0.00
188.639 0.00
189.215 0.00
189.793 0.00
190.372 0.00
190.948 0.00
191.519 0.00
192.078 0.00
192.642 77.00
193.208 0.00
193.773 0.00
194.334 0.00
194.900 104.00
195.466 0.00
196.032 68.00
196.598 0.00
197.162 0.00
197.727 60.00
198.292 0.00
198.860 57.00
199.422 0.00
199.984 0.00
200.551 0.00
201.117 0.00
201.689 0.00
202.270 0.00
202.842 0.00
203.408 88.00
203.974 0.00
204.539 0.00
205.104 0.00
205.670 0.00
206.238 0.00
206.802 0.00
207.368 0.00
207.934 0.00
208.498 0.00
209.062 0.00
209.627 0.00
210.197 0.00
210.784 0.00
211.353 0.00
211.934 0.00
212.514 0.00
213.093 0.00
213.671 0.00
214.249 0.00
214.827 0.00
215.398 0.00
215.961 0.00
216.524 0.00
217.087 0.00
217.654 0.00
218.219 0.00
218.780 0.00
219.346 0.00
219.913 0.00
220.481 40.00
221.044 0.00
221.609 0.00
222.174 0.00
222.740 0.00
223.303 0.00
223.870 0.00
224.435 0.00
225.000 0.00
225.567 0.00
226.134 0.00
226.700 79.00
227.263 0.00
227.827 0.00
228.392 0.00
228.956 0.00
229.526 0.00
230.107 0.00
230.687 0.00
231.267 0.00
231.839 0.00
232.406 0.00
232.972 0.00
233.538 0.00
234.103 0.00
234.668 91.00
235.233 0.00
235.804 0.00
236.364 0.00
236.931 0.00
237.495 56.00
238.058 27.00
238.638 0.00
239.219 0.00
239.799 0.00
240.379 0.00
240.959 0.00
241.538 0.00
242.103 0.00
242.666 0.00
243.233 0.00
243.798 52.00
244.359 0.00
244.925 0.00
245.489 0.00
246.056 0.00
246.621 133.00
247.188 0.00
247.751 0.00
248.315 0.00
248.888 0.00
249.446 95.00
250.011 0.00
250.576 0.00
251.140 85.00
251.707 48.00
252.271 0.00
252.837 0.00
253.402 0.00
253.967 0.00
254.533 0.00
255.104 0.00
255.660 0.00
256.222 58.00
256.787 0.00
257.353 0.00
257.919 54.00
258.486 0.00
259.048 0.00
259.614 0.00
260.178 0.00
260.744 0.00
261.309 0.00
261.875 0.00
262.442 0.00
263.006 0.00
263.571 0.00
264.136 0.00
264.702 0.00
265.268 0.00
265.832 0.00
266.396 0.00
266.963 0.00
267.530 0.00
268.094 0.00
268.660 0.00
269.223 0.00
269.788 0.00
270.352 0.00
270.915 0.00
271.480 0.00
272.046 0.00
272.613 206.00
273.177 0.00
273.739 0.00
274.302 0.00
274.866 0.00
275.428 0.00
275.992 0.00
276.556 0.00
277.120 232.00
277.692 0.00
278.252 0.00
278.818 0.00
279.385 0.00
279.950 0.00
280.516 0.00
281.082 0.00
281.647 0.00
282.211 0.00
282.775 0.00
283.340 0.00
283.904 0.00
284.468 0.00
285.036 0.00
285.600 83.00
286.166 0.00
286.730 106.00
287.297 0.00
287.862 0.00
288.429 0.00
288.994 0.00
289.561 0.00
290.125 0.00
290.690 0.00
291.256 0.00
291.823 0.00
292.389 0.00
292.955 0.00
293.523 0.00
294.086 0.00
294.653 0.00
295.218 254.00
295.783 0.00
296.347 0.00
296.912 0.00
297.487 0.00
298.068 0.00
298.649 0.00
299.228 0.00
299.808 0.00
300.389 0.00
300.970 0.00
301.546 0.00
302.111 0.00
302.676 0.00
303.243 0.00
303.809 0.00
304.375 0.00
304.940 0.00
305.505 0.00
306.073 0.00
306.651 0.00
307.204 97.00
307.768 0.00
308.334 0.00
308.900 0.00
309.465 0.00
310.031 0.00
310.597 0.00
311.164 0.00
311.729 117.00
312.296 0.00
312.861 0.00
313.438 0.00
314.018 0.00
314.598 0.00
315.178 0.00
315.759 0.00
316.340 0.00
316.913 60.00
317.477 0.00
318.043 0.00
318.608 0.00
319.172 0.00
319.739 0.00
320.312 0.00
320.871 0.00
321.447 0.00
322.028 0.00
322.608 166.00
323.192 0.00
323.769 0.00
324.334 0.00
324.900 0.00
325.465 0.00
326.032 0.00
326.597 0.00
327.162 0.00
327.727 0.00
328.293 0.00
328.857 0.00
329.426 0.00
329.991 0.00
330.557 0.00
331.122 0.00
331.687 0.00
332.252 0.00
332.817 183.00
333.382 0.00
333.949 93.00
334.515 0.00
335.079 0.00
335.645 129.00
336.211 0.00
336.775 0.00
337.339 0.00
337.905 0.00
338.471 248.00
339.036 0.00
339.602 65.00
340.168 0.00
340.732 0.00
341.313 0.00
341.893 0.00
342.473 0.00
343.050 0.00
343.631 102.00
344.211 0.00
344.791 0.00
345.371 209.00
345.954 93.00
346.534 0.00
347.114 0.00
347.694 0.00
348.275 0.00
348.855 0.00
349.435 0.00
350.016 0.00
350.596 0.00
351.176 0.00
351.755 0.00
352.342 75.00
352.916 0.00
353.496 0.00
354.076 0.00
354.657 0.00
355.238 0.00
355.818 0.00
356.398 0.00
356.978 0.00
357.558 0.00
358.140 0.00
358.719 0.00
359.297 0.00
359.877 0.00
360.457 0.00
361.038 0.00
361.621 0.00
362.198 0.00
362.777 0.00
363.358 0.00
363.936 0.00
364.517 0.00
365.100 0.00
365.676 0.00
366.258 0.00
366.837 0.00
367.418 0.00
367.998 0.00
368.578 0.00
369.159 0.00
369.739 0.00
370.320 0.00
370.900 0.00
371.482 0.00
372.061 0.00
372.640 0.00
373.221 0.00
373.801 0.00
374.383 0.00
374.962 0.00
375.543 0.00
376.122 0.00
376.701 0.00
377.276 0.00
377.860 0.00
378.436 0.00
379.011 0.00
379.591 0.00
380.171 0.00
380.750 0.00
381.329 0.00
381.906 0.00
382.483 0.00
383.060 0.00
383.638 0.00
384.220 0.00
384.796 0.00
385.371 0.00
385.946 0.00
386.522 0.00
387.100 0.00
387.679 0.00
388.256 0.00
388.829 0.00
389.406 0.00
389.986 0.00
390.561 0.00
391.139 0.00
391.707 0.00
392.278 0.00
392.857 0.00
393.431 0.00
394.011 0.00
394.586 0.00
395.161 0.00
395.737 0.00
396.312 0.00
396.888 0.00
397.464 0.00
398.045 0.00
398.610 0.00
399.186 0.00
399.761 0.00
400.338 0.00
400.913 0.00
401.487 0.00
402.057 0.00
402.631 0.00
403.204 0.00
403.779 0.00
404.352 0.00
404.925 0.00
405.500 0.00
406.075 0.00
406.651 0.00
407.222 0.00
407.797 0.00
408.371 0.00
408.942 0.00
409.511 0.00
410.086 0.00
410.657 0.00
411.227 0.00
411.801 0.00
412.376 0.00
412.949 0.00
413.524 0.00
414.092 0.00
414.662 0.00
415.233 0.00
415.805 0.00
416.376 0.00
416.949 0.00
417.519 0.00
418.091 0.00
418.664 0.00
419.237 0.00
419.821 0.00
420.381 0.00
420.955 0.00
421.521 0.00
422.089 0.00
422.659 0.00
423.231 0.00
423.805 0.00
424.376 0.00
424.948 0.00
425.520 0.00
426.095 0.00
426.663 0.00
427.231 0.00
427.803 0.00
428.374 0.00
428.947 0.00
429.518 0.00
430.092 0.00
430.663 0.00
431.234 0.00
431.804 0.00
432.371 0.00
432.940 0.00
433.512 0.00
434.082 0.00
434.654 0.00
435.219 0.00
435.791 0.00
436.361 0.00
436.934 0.00
437.502 0.00
438.074 0.00
438.643 0.00
439.210 0.00
439.789 0.00
440.351 0.00
440.922 0.00
441.492 0.00
442.063 0.00
442.630 0.00
443.196 0.00
443.767 0.00
444.339 0.00
444.907 0.00
445.479 0.00
446.047 0.00
446.617 0.00
447.192 0.00
447.758 0.00
448.326 0.00
448.899 0.00
449.466 0.00
450.035 0.00
450.604 0.00
451.169 0.00
451.741 0.00
452.305 0.00
452.873 0.00
453.443 0.00
454.009 0.00
454.573 0.00
455.142 0.00
455.713 0.00
456.279 0.00
456.847 0.00
457.414 0.00
457.981 0.00
458.551 0.00
459.121 0.00
459.690 0.00
460.257 0.00
460.826 0.00
461.396 0.00
461.962 0.00
462.530 0.00
463.101 0.00
463.669 0.00
464.236 0.00
464.805 0.00
465.368 0.00
465.932 0.00
466.501 0.00
467.066 0.00
467.632 0.00
468.202 0.00
468.768 0.00
469.345 0.00
469.925 0.00
470.506 0.00
471.087 0.00
471.669 0.00
472.249 0.00
472.829 0.00
473.409 0.00
473.989 0.00
474.569 0.00
475.149 0.00
475.730 0.00
476.305 0.00
476.885 0.00
477.463 0.00
478.043 0.00
478.616 0.00
479.190 0.00
479.762 0.00
480.336 0.00
480.909 0.00
481.477 0.00
482.048 0.00
482.622 0.00
483.196 0.00
483.767 0.00
484.341 0.00
484.908 0.00
485.478 0.00
486.045 0.00
486.618 0.00
487.189 0.00
487.759 0.00
488.328 0.00
488.898 0.00
489.466 0.00
490.035 0.00
490.606 0.00
491.175 0.00
491.742 0.00
492.313 0.00
492.886 0.00
493.463 0.00
494.042 0.00
494.622 0.00
495.202 0.00
495.782 0.00
496.363 0.00
496.943 0.00
497.523 0.00
498.103 0.00
498.684 0.00
499.263 0.00
499.840 0.00
500.417 0.00
500.993 0.00
501.570 0.00
502.149 0.00
502.729 0.00
503.309 0.00
503.891 0.00
504.471 0.00
505.051 0.00
505.631 0.00
506.204 0.00
506.781 0.00
507.358 0.00
507.936 0.00
508.516 0.00
509.097 0.00
509.677 0.00
510.257 106.00
510.823 0.00
511.400 0.00
511.980 0.00
512.550 0.00
513.128 0.00
513.706 0.00
514.287 0.00
514.867 0.00
515.448 0.00
516.028 166.00
516.609 0.00
517.188 0.00
517.768 0.00
518.347 0.00
518.928 0.00
519.508 0.00
520.087 0.00
520.668 0.00
521.243 0.00
521.820 127.00
522.400 244.00
522.981 0.00
523.561 0.00
524.141 0.00
524.708 0.00
525.272 0.00
525.839 0.00
526.405 0.00
526.971 0.00
527.538 0.00
528.104 0.00
528.673 0.00
529.232 0.00
529.810 0.00
530.389 0.00
530.968 520.00
531.549 0.00
532.133 0.00
532.710 0.00
533.289 0.00
533.870 0.00
534.448 154.00
535.028 0.00
535.617 0.00
536.184 0.00
536.764 0.00
537.344 0.00
537.917 0.00
538.489 0.00
539.063 0.00
539.629 0.00
540.200 0.00
540.777 0.00
541.358 0.00
541.938 0.00
542.518 0.00
543.098 0.00
543.679 0.00
544.259 0.00
544.840 0.00
545.420 0.00
545.996 0.00
546.573 0.00
547.151 216.00
547.726 0.00
548.295 64.00
548.874 0.00
549.449 0.00
550.031 0.00
550.610 0.00
551.191 0.00
551.765 0.00
552.329 0.00
552.893 0.00
553.457 0.00
554.022 0.00
554.586 0.00
555.154 0.00
555.719 0.00
556.291 0.00
556.867 0.00
557.448 91.00
558.028 0.00
558.609 0.00
559.188 84.00
559.763 0.00
560.340 0.00
560.912 0.00
561.480 0.00
562.052 0.00
562.623 137.00
563.191 0.00
563.769 0.00
564.343 0.00
564.923 0.00
565.494 0.00
566.060 0.00
566.626 0.00
567.194 73.00
567.757 0.00
568.324 0.00
568.888 0.00
569.453 0.00
570.019 0.00
570.586 0.00
571.151 0.00
571.716 0.00
572.281 82.00
572.847 0.00
573.413 0.00
573.977 144.00
574.554 0.00
575.135 0.00
575.715 0.00
576.295 0.00
576.876 0.00
577.455 0.00
578.035 0.00
578.616 0.00
579.196 0.00
579.776 0.00
580.357 220.00
580.937 0.00
581.517 0.00
582.098 0.00
582.674 0.00
583.244 0.00
583.819 0.00
584.393 0.00
584.964 0.00
585.538 0.00
586.118 0.00
586.698 0.00
587.278 0.00
587.859 0.00
588.439 0.00
589.019 0.00
589.600 99.00
590.180 0.00
590.760 245.00
591.339 0.00
591.919 0.00
592.489 63.00
593.052 0.00
593.617 0.00
594.183 0.00
594.749 0.00
595.315 0.00
595.882 172.00
596.447 0.00
597.013 0.00
597.577 0.00
598.142 64.00
598.709 0.00
599.281 0.00
599.862 0.00
600.420 0.00
600.985 0.00
601.563 0.00
602.144 172.00
602.723 0.00
603.308 0.00
603.884 0.00
604.464 0.00
605.045 0.00
605.625 0.00
606.208 0.00
606.781 0.00
607.362 0.00
607.943 0.00
608.523 0.00
609.103 0.00
609.684 0.00
610.263 0.00
610.844 0.00
611.423 0.00
612.004 0.00
612.591 0.00
613.165 0.00
613.746 0.00
614.326 0.00
614.903 0.00
615.478 0.00
616.059 224.00
616.629 0.00
617.201 0.00
617.772 0.00
618.350 0.00
618.923 0.00
619.504 0.00
620.076 0.00
620.642 0.00
621.209 0.00
621.773 0.00
622.340 0.00
622.906 0.00
623.471 0.00
624.038 0.00
624.605 0.00
625.169 0.00
625.730 0.00
626.297 0.00
626.863 0.00
627.427 0.00
627.990 116.00
628.563 0.00
629.135 105.00
629.711 101.00
630.291 0.00
630.871 0.00
631.453 0.00
632.032 0.00
632.612 0.00
633.193 0.00
633.773 0.00
634.353 0.00
634.949 0.00
635.523 0.00
636.097 0.00
636.677 0.00
637.257 0.00
637.839 0.00
638.418 0.00
638.998 0.00
639.578 0.00
640.158 0.00
640.739 0.00
641.319 0.00
641.899 0.00
642.480 0.00
643.054 139.00
643.625 0.00
644.203 0.00
644.772 0.00
645.346 0.00
645.911 0.00
646.477 0.00
647.048 0.00
647.620 0.00
648.194 0.00
648.771 0.00
649.351 0.00
649.927 0.00
650.507 0.00
651.088 43.00
651.669 0.00
652.248 0.00
652.829 0.00
653.409 0.00
653.990 0.00
654.569 0.00
655.149 0.00
655.730 0.00
656.310 0.00
656.890 0.00
657.470 0.00
658.049 0.00
658.630 0.00
659.200 0.00
659.766 289.00
660.331 0.00
660.897 0.00
661.475 0.00
662.056 0.00
662.636 0.00
663.216 0.00
663.796 0.00
664.363 0.00
664.928 0.00
665.495 0.00
666.059 0.00
666.623 0.00
667.185 113.00
667.750 0.00
668.313 0.00
668.878 0.00
669.443 0.00
670.007 0.00
670.583 0.00
671.134 0.00
671.699 0.00
672.262 0.00
672.826 0.00
673.389 0.00
673.953 0.00
674.515 0.00
675.079 0.00
675.642 0.00
676.204 0.00
676.769 0.00
677.332 0.00
677.898 95.00
678.458 0.00
679.022 0.00
679.586 0.00
680.150 0.00
680.711 0.00
681.274 0.00
681.836 36.00
682.400 0.00
682.966 0.00
683.529 130.00
684.092 0.00
684.654 0.00
685.216 0.00
685.780 0.00
686.344 0.00
686.906 0.00
687.471 0.00
688.034 0.00
688.596 0.00
689.160 0.00
689.726 0.00
690.291 0.00
690.856 0.00
691.420 0.00
691.982 0.00
692.546 0.00
693.111 0.00
693.674 0.00
694.239 0.00
694.805 0.00
695.369 0.00
695.935 0.00
696.500 0.00
697.066 0.00
697.631 0.00
698.196 0.00
698.761 0.00
699.326 0.00
699.890 0.00
700.454 0.00
701.017 0.00
701.580 0.00
702.144 0.00
702.710 0.00
703.276 0.00
703.838 139.00
704.403 0.00
704.964 0.00
705.529 0.00
706.098 0.00
706.660 0.00
707.222 0.00
707.786 0.00
708.351 157.00
708.915 0.00
709.483 0.00
710.045 0.00
710.607 0.00
711.171 0.00
711.738 0.00
712.305 0.00
712.869 0.00
713.432 0.00
713.996 0.00
714.562 0.00
715.129 0.00
715.693 0.00
716.259 0.00
716.822 0.00
717.385 0.00
717.952 0.00
718.519 0.00
719.084 0.00
719.648 0.00
720.214 0.00
720.780 0.00
721.343 99.00
721.908 0.00
722.470 0.00
723.032 0.00
723.598 100.00
724.163 0.00
724.726 0.00
725.293 0.00
725.853 0.00
726.415 0.00
726.977 0.00
727.542 0.00
728.104 0.00
728.667 0.00
729.231 0.00
729.795 0.00
730.359 0.00
730.925 0.00
731.492 0.00
732.054 0.00
732.619 0.00
733.181 0.00
733.745 0.00
734.308 0.00
734.873 0.00
735.435 0.00
735.999 0.00
736.563 0.00
737.128 0.00
737.693 0.00
738.260 0.00
738.821 0.00
739.386 0.00
739.953 0.00
740.518 0.00
741.082 0.00
741.645 0.00
742.209 0.00
742.775 0.00
743.338 0.00
743.900 0.00
744.465 0.00
745.027 0.00
745.592 0.00
746.155 0.00
746.719 0.00
747.284 0.00
747.847 0.00
748.415 0.00
748.978 0.00
749.543 0.00
750.104 0.00
750.669 0.00
751.235 0.00
751.801 0.00
752.366 0.00
752.932 0.00
753.499 0.00
754.064 0.00
754.634 0.00
755.200 0.00
755.765 0.00
756.330 0.00
756.895 0.00
757.458 0.00
758.023 0.00
758.588 0.00
759.155 0.00
759.721 0.00
760.286 0.00
760.851 0.00
761.412 0.00
761.977 0.00
762.542 0.00
763.106 0.00
763.668 0.00
764.233 0.00
764.798 0.00
765.362 0.00
765.925 0.00
766.489 0.00
767.053 0.00
767.620 0.00
768.186 0.00
768.750 0.00
769.316 0.00
769.878 0.00
770.439 0.00
771.002 0.00
771.563 0.00
772.126 0.00
772.691 0.00
773.258 0.00
773.824 0.00
774.388 0.00
774.951 0.00
775.516 0.00
776.078 0.00
776.643 0.00
777.213 0.00
777.773 0.00
778.336 0.00
778.898 0.00
779.462 0.00
780.027 0.00
780.691 0.00
780.835 0.00
780.941 0.00
781.048 0.00
781.153 0.00
781.259 0.00
781.365 0.00
781.471 0.00
781.578 0.00
781.684 0.00
781.789 0.00
781.895 0.00
782.001 0.00
782.108 0.00
782.214 0.00
782.319 0.00
782.426 0.00
782.531 0.00
782.638 0.00
782.744 0.00
782.850 0.00
782.956 0.00
783.065 0.00
783.168 0.00
783.274 0.00
783.380 0.00
783.486 0.00
783.593 0.00
783.698 0.00
783.805 0.00
783.910 0.00
784.016 0.00
784.122 0.00
784.229 0.00
784.335 0.00
784.440 0.00
784.546 0.00
784.653 0.00
784.758 0.00
784.865 0.00
784.971 0.00
785.076 0.00
785.183 0.00
785.288 0.00
785.395 0.00
785.500 0.00
785.608 0.00
785.714 0.00
785.819 0.00
785.925 0.00
786.031 0.00
786.137 0.00
786.243 0.00
786.349 0.00
786.458 0.00
786.561 0.00
786.668 0.00
786.774 0.00
786.880 0.00
786.986 0.00
787.091 0.00
787.198 0.00
787.303 0.00
787.410 0.00
787.516 0.00
787.621 0.00
787.728 0.00
787.834 0.00
787.940 0.00
788.046 0.00
788.152 0.00
788.258 0.00
788.364 0.00
788.470 0.00
788.576 0.00
788.682 0.00
788.788 0.00
788.895 0.00
789.000 0.00
789.107 0.00
789.213 0.00
789.318 0.00
789.428 0.00
789.531 0.00
789.636 0.00
789.743 0.00
789.849 0.00
789.961 0.00
790.062 0.00
790.168 0.00
790.275 0.00
790.380 0.00
790.485 0.00
790.592 0.00
790.698 0.00
790.804 0.00
790.910 0.00
791.016 0.00
791.122 0.00
791.229 0.00
791.335 0.00
791.440 0.00
791.546 0.00
791.652 0.00
791.758 0.00
791.864 0.00
791.971 0.00
792.077 0.00
792.183 0.00
792.288 79.00
792.395 0.00
792.502 0.00
792.607 0.00
792.714 0.00
792.819 0.00
792.924 0.00
793.040 0.00
793.141 0.00
793.247 0.00
793.353 0.00
793.459 0.00
793.565 0.00
793.671 0.00
793.778 0.00
793.883 0.00
793.989 0.00
794.096 0.00
794.202 0.00
794.307 0.00
794.413 0.00
794.520 0.00
794.626 0.00
794.732 0.00
794.837 0.00
794.943 0.00
795.050 0.00
795.156 0.00
795.262 0.00
795.369 0.00
795.476 0.00
795.581 0.00
795.687 0.00
795.795 0.00
795.904 0.00
796.005 0.00
796.122 0.00
796.223 0.00
796.329 0.00
796.437 0.00
796.541 0.00
796.647 0.00
796.753 0.00
796.860 107.00
796.966 0.00
797.072 0.00
797.178 0.00
797.284 0.00
797.390 0.00
797.495 0.00
797.602 0.00
797.708 0.00
797.814 0.00
797.919 0.00
798.026 0.00
798.132 0.00
798.238 0.00
798.345 0.00
798.451 0.00
798.556 0.00
798.662 0.00
798.769 0.00
798.878 0.00
798.981 0.00
799.091 104.00
799.195 0.00
799.304 0.00
799.406 0.00
799.512 0.00
799.618 0.00
799.724 0.00
799.829 0.00
799.936 0.00
800.042 0.00
800.148 0.00
800.254 11.00
800.360 0.00
800.466 0.00
800.572 0.00
800.678 0.00
800.785 0.00
800.890 0.00
800.996 0.00
801.102 0.00
801.208 0.00
801.315 0.00
801.420 0.00
801.526 0.00
801.639 0.00
801.740 0.00
801.846 0.00
801.952 0.00
802.058 0.00
802.164 0.00
802.272 0.00
802.376 0.00
802.484 0.00
802.588 0.00
802.694 0.00
802.800 0.00
802.906 0.00
803.012 0.00
803.118 0.00
803.224 0.00
803.331 0.00
803.436 0.00
803.542 0.00
803.648 0.00
803.754 0.00
803.861 0.00
803.966 0.00
804.072 0.00
804.179 0.00
804.285 0.00
804.391 0.00
804.497 0.00
804.603 0.00
804.713 0.00
804.816 0.00
804.926 0.00
805.026 0.00
805.134 0.00
805.239 0.00
805.348 0.00
805.452 0.00
805.557 0.00
805.667 0.00
805.771 0.00
805.876 0.00
805.982 0.00
806.088 0.00
806.193 0.00
806.300 0.00
806.406 0.00
806.512 0.00
806.618 0.00
806.724 0.00
806.830 0.00
806.935 0.00
807.041 0.00
807.147 149.00
807.254 0.00
807.360 0.00
807.467 0.00
807.573 0.00
807.678 0.00
807.784 0.00
807.890 0.00
807.996 0.00
808.103 0.00
808.208 0.00
808.314 0.00
808.421 0.00
808.526 0.00
808.632 0.00
808.739 0.00
808.844 0.00
808.951 0.00
809.056 0.00
809.163 0.00
809.269 0.00
809.374 0.00
809.481 0.00
809.587 0.00
809.693 0.00
809.799 0.00
809.905 0.00
810.011 0.00
810.117 0.00
810.223 0.00
810.329 0.00
810.436 0.00
810.541 0.00
810.648 0.00
810.753 0.00
810.860 0.00
810.965 0.00
811.072 0.00
811.181 0.00
811.285 0.00
811.390 0.00
811.496 0.00
811.601 0.00
811.709 0.00
811.814 0.00
811.921 0.00
812.026 0.00
812.131 0.00
812.238 0.00
812.343 0.00
812.450 0.00
812.556 0.00
812.663 0.00
812.768 0.00
812.874 0.00
812.980 0.00
813.086 0.00
813.193 0.00
813.298 0.00
813.405 0.00
813.511 0.00
813.617 0.00
813.723 0.00
813.828 0.00
813.934 0.00
814.041 0.00
814.147 0.00
814.253 0.00
814.361 0.00
814.466 0.00
814.571 0.00
814.684 0.00
814.790 0.00
814.892 0.00
815.002 0.00
815.104 0.00
815.210 0.00
815.317 0.00
815.422 0.00
815.528 0.00
815.634 0.00
815.740 0.00
815.847 115.00
815.953 0.00
816.059 0.00
816.164 0.00
816.270 0.00
816.377 0.00
816.483 0.00
816.588 0.00
816.694 0.00
816.801 0.00
816.907 0.00
817.013 0.00
817.119 0.00
817.225 0.00
817.336 111.00
817.440 0.00
817.543 0.00
817.650 0.00
817.756 97.00
817.861 0.00
817.967 97.00
818.077 0.00
818.180 23.00
818.286 0.00
818.391 90.00
818.498 0.00
818.603 0.00
818.709 0.00
818.816 0.00
818.922 0.00
819.028 0.00
819.134 0.00
819.240 0.00
819.347 0.00
819.451 0.00
819.558 0.00
819.664 0.00
819.771 0.00
819.876 0.00
819.982 0.00
820.088 0.00
820.194 0.00
820.301 0.00
820.406 0.00
820.515 0.00
820.618 0.00
820.725 0.00
820.831 0.00
820.937 0.00
821.043 0.00
821.149 0.00
821.256 0.00
821.362 0.00
821.468 0.00
821.574 0.00
821.680 0.00
821.786 0.00
821.892 77.00
821.998 0.00
822.104 0.00
822.210 0.00
822.316 147.00
822.549 0.00
822.654 0.00
822.760 0.00
822.867 0.00
822.973 0.00
823.079 0.00
823.185 0.00
823.290 0.00
823.397 0.00
823.503 0.00
823.609 0.00
823.720 0.00
823.821 0.00
823.926 0.00
824.034 0.00
824.139 0.00
824.245 0.00
824.351 0.00
824.458 0.00
824.563 0.00
824.669 0.00
824.775 0.00
824.881 0.00
824.988 0.00
825.093 0.00
825.200 0.00
825.306 0.00
825.412 0.00
825.519 0.00
825.624 0.00
825.731 0.00
825.836 0.00
825.943 0.00
826.048 0.00
826.155 0.00
826.261 0.00
826.368 0.00
826.473 0.00
826.579 0.00
826.684 0.00
826.791 0.00
826.898 0.00
827.003 0.00
827.109 0.00
827.215 0.00
827.322 0.00
827.427 0.00
827.534 0.00
827.639 0.00
827.746 0.00
827.852 0.00
827.957 0.00
828.064 0.00
828.169 0.00
828.276 88.00
828.382 0.00
828.488 0.00
828.594 0.00
828.700 0.00
828.806 0.00
828.912 0.00
829.018 0.00
829.124 0.00
829.231 57.00
829.336 0.00
829.442 0.00
829.549 0.00
829.655 0.00
829.760 0.00
829.866 0.00
829.973 0.00
830.078 0.00
830.184 0.00
830.291 0.00
830.397 0.00
830.503 0.00
830.609 0.00
830.715 0.00
830.821 0.00
830.927 0.00
831.033 0.00
831.139 0.00
831.244 0.00
831.350 0.00
831.458 0.00
831.563 0.00
831.668 0.00
831.775 0.00
831.881 0.00
831.988 0.00
832.094 0.00
832.200 0.00
832.305 0.00
832.411 0.00
832.518 0.00
832.623 0.00
832.729 0.00
832.836 0.00
832.941 0.00
833.048 0.00
833.153 0.00
833.259 0.00
833.365 0.00
833.472 0.00
833.582 0.00
833.684 0.00
833.790 0.00
833.897 0.00
834.002 0.00
834.108 0.00
834.214 0.00
834.320 0.00
834.427 0.00
834.533 0.00
834.639 0.00
834.745 0.00
834.851 0.00
834.956 0.00
835.062 0.00
835.169 0.00
835.275 0.00
835.381 0.00
835.487 0.00
835.592 0.00
835.699 0.00
835.805 0.00
835.913 0.00
836.020 0.00
836.122 0.00
836.229 0.00
836.335 0.00
836.443 0.00
836.548 0.00
836.653 0.00
836.759 0.00
836.866 0.00
836.971 0.00
837.077 0.00
837.185 0.00
837.290 0.00
837.397 0.00
837.502 0.00
837.609 0.00
837.714 0.00
837.821 0.00
837.926 0.00
838.032 0.00
838.138 0.00
838.244 0.00
838.351 0.00
838.457 0.00
838.562 0.00
838.669 0.00
838.775 0.00
838.881 0.00
838.987 0.00
839.098 0.00
839.200 0.00
839.306 128.00
839.413 0.00
839.527 0.00
839.629 0.00
839.736 0.00
839.841 0.00
839.947 0.00
840.052 0.00
840.158 0.00
840.264 0.00
840.370 0.00
840.476 0.00
840.583 0.00
840.688 0.00
840.796 0.00
840.901 0.00
841.007 0.00
841.113 0.00
841.219 0.00
841.325 0.00
841.431 93.00
841.537 0.00
841.643 0.00
841.750 0.00
841.856 0.00
841.961 0.00
842.073 0.00
842.175 0.00
842.280 0.00
842.387 0.00
842.498 0.00
842.599 0.00
842.704 0.00
842.811 0.00
842.917 0.00
843.022 0.00
843.129 0.00
843.234 0.00
843.340 0.00
843.447 0.00
843.553 0.00
843.659 0.00
843.766 0.00
843.872 0.00
843.978 0.00
844.084 0.00
844.191 0.00
844.296 0.00
844.403 0.00
844.508 0.00
844.614 0.00
844.721 0.00
844.827 0.00
844.932 0.00
845.038 0.00
845.144 0.00
845.254 0.00
845.356 0.00
845.463 0.00
845.569 0.00
845.679 0.00
845.780 0.00
845.887 0.00
845.993 0.00
846.099 0.00
846.205 0.00
846.312 0.00
846.417 0.00
846.523 0.00
846.630 0.00
846.735 0.00
846.841 60.00
846.947 0.00
847.053 0.00
847.159 0.00
847.266 0.00
847.372 0.00
847.478 0.00
847.583 0.00
847.690 0.00
847.795 0.00
847.902 0.00
848.008 0.00
848.113 0.00
848.220 0.00
848.327 0.00
848.432 0.00
848.540 0.00
848.644 0.00
848.750 0.00
848.856 0.00
848.962 0.00
849.071 0.00
849.175 0.00
849.281 0.00
849.386 0.00
849.492 0.00
849.599 0.00
849.705 0.00
849.810 0.00
849.917 0.00
850.023 0.00
850.129 0.00
850.235 0.00
850.340 0.00
850.446 0.00
850.553 0.00
850.658 0.00
850.765 0.00
850.871 0.00
850.977 0.00
851.083 0.00
851.189 0.00
851.295 0.00
851.402 0.00
851.507 0.00
851.614 0.00
851.719 0.00
851.826 0.00
851.932 0.00
852.038 0.00
852.143 0.00
852.249 0.00
852.356 0.00
852.461 0.00
852.567 0.00
852.674 0.00
852.780 0.00
852.886 0.00
852.991 0.00
853.098 0.00
853.204 0.00
853.310 0.00
853.416 0.00
853.522 0.00
853.628 0.00
853.734 0.00
853.840 0.00
853.946 0.00
854.052 0.00
854.158 0.00
854.265 0.00
854.371 0.00
854.483 0.00
854.584 0.00
854.691 0.00
854.796 0.00
854.903 0.00
855.009 0.00
855.115 0.00
855.224 0.00
855.328 0.00
855.432 0.00
855.538 0.00
855.645 0.00
855.750 0.00
855.857 0.00
855.964 0.00
856.069 0.00
856.176 0.00
856.282 0.00
856.387 0.00
856.493 0.00
856.599 0.00
856.705 0.00
856.812 0.00
856.917 0.00
857.023 0.00
857.130 0.00
857.235 0.00
857.341 0.00
857.448 0.00
857.553 0.00
857.660 0.00
857.766 0.00
857.871 0.00
857.978 0.00
858.084 0.00
858.190 0.00
858.296 0.00
858.402 0.00
858.512 0.00
858.615 0.00
858.721 0.00
858.826 0.00
858.932 0.00
859.038 0.00
859.145 0.00
859.251 0.00
859.356 0.00
859.462 0.00
859.568 0.00
859.675 0.00
859.781 0.00
859.887 0.00
859.993 0.00
860.099 0.00
860.205 0.00
860.310 0.00
860.417 0.00
860.523 0.00
860.630 0.00
860.736 0.00
860.841 0.00
860.947 0.00
861.054 0.00
861.159 0.00
861.265 0.00
861.371 0.00
861.478 0.00
861.584 0.00
861.691 0.00
861.796 0.00
861.902 0.00
862.008 0.00
862.114 0.00
862.220 0.00
862.327 0.00
862.433 0.00
862.539 0.00
862.645 0.00
862.751 0.00
862.856 0.00
862.962 0.00
863.069 0.00
863.175 0.00
863.281 0.00
863.388 0.00
863.494 0.00
863.599 0.00
863.705 0.00
863.812 0.00
863.917 0.00
864.024 0.00
864.129 0.00
864.236 0.00
864.342 0.00
864.447 0.00
864.557 0.00
864.660 95.00
864.766 0.00
864.872 0.00
864.978 0.00
865.083 0.00
865.189 0.00
865.296 0.00
865.402 0.00
865.507 0.00
865.613 0.00
865.720 0.00
865.826 0.00
865.933 0.00
866.038 0.00
866.145 0.00
866.251 0.00
866.358 0.00
866.463 0.00
866.569 0.00
866.675 0.00
866.782 0.00
866.888 0.00
866.993 0.00
867.100 0.00
867.206 0.00
867.311 0.00
867.417 0.00
867.526 0.00
867.636 0.00
867.738 0.00
867.844 0.00
867.950 0.00
868.056 0.00
868.162 0.00
868.269 0.00
868.374 0.00
868.480 0.00
868.586 0.00
868.692 0.00
868.798 0.00
868.904 0.00
869.011 0.00
869.117 164.00
869.222 0.00
869.328 123.00
869.435 0.00
869.540 0.00
869.647 0.00
869.752 0.00
869.859 0.00
869.964 0.00
870.071 0.00
870.176 0.00
870.283 0.00
870.393 0.00
870.496 0.00
870.601 0.00
870.710 0.00
870.813 0.00
870.919 0.00
871.025 0.00
871.131 0.00
871.238 100.00
871.343 0.00
871.449 69.00
871.555 0.00
871.661 0.00
871.767 0.00
871.874 0.00
871.979 0.00
872.085 0.00
872.192 0.00
872.298 0.00
872.404 82.00
872.510 0.00
872.616 0.00
872.721 0.00
872.828 0.00
872.934 0.00
873.040 0.00
873.146 0.00
873.252 0.00
873.358 0.00
873.464 0.00
873.571 0.00
873.676 0.00
873.786 0.00
873.888 0.00
873.994 0.00
874.101 0.00
874.206 0.00
874.312 0.00
874.419 0.00
874.525 0.00
874.631 0.00
874.736 0.00
874.843 0.00
874.949 0.00
875.055 0.00
875.161 0.00
875.268 0.00
875.373 0.00
875.479 0.00
875.585 0.00
875.691 0.00
875.797 0.00
875.903 0.00
876.009 0.00
876.116 0.00
876.222 0.00
876.327 0.00
876.433 0.00
876.543 0.00
876.645 0.00
876.752 0.00
876.858 0.00
876.964 0.00
877.069 0.00
877.175 0.00
877.281 0.00
877.388 0.00
877.494 0.00
877.600 0.00
877.706 0.00
877.812 0.00
877.918 0.00
878.024 0.00
878.130 0.00
878.236 0.00
878.343 0.00
878.448 0.00
878.555 0.00
878.660 0.00
878.766 0.00
878.873 0.00
878.979 0.00
879.085 0.00
879.191 0.00
879.296 0.00
879.402 0.00
879.509 0.00
879.614 72.00
879.721 0.00
879.827 0.00
879.933 0.00
880.038 86.00
880.144 0.00
880.251 0.00
880.357 0.00
880.464 0.00
880.569 0.00
880.675 0.00
880.781 0.00
880.887 0.00
880.993 0.00
881.100 87.00
881.206 0.00
881.311 0.00
881.417 0.00
881.523 0.00
881.629 0.00
881.736 0.00
881.841 70.00
881.947 0.00
882.054 0.00
882.159 0.00
882.265 0.00
882.372 0.00
882.478 0.00
882.584 0.00
882.691 0.00
882.797 0.00
882.902 0.00
883.010 0.00
883.114 0.00
883.223 0.00
883.327 0.00
883.434 0.00
883.538 0.00
883.645 0.00
883.751 0.00
883.857 0.00
883.962 0.00
884.069 105.00
884.174 0.00
884.281 0.00
884.387 0.00
884.492 0.00
884.598 0.00
884.705 0.00
884.811 0.00
884.917 0.00
885.023 0.00
885.130 0.00
885.236 0.00
885.341 0.00
885.448 0.00
885.554 0.00
885.659 0.00
885.767 0.00
885.872 0.00
885.978 0.00
886.084 0.00
886.195 0.00
886.297 0.00
886.403 0.00
886.513 0.00
886.614 0.00
886.721 0.00
886.827 0.00
886.933 0.00
887.039 0.00
887.144 0.00
887.251 0.00
887.357 0.00
887.463 0.00
887.569 84.00
887.675 0.00
887.782 0.00
887.888 0.00
887.994 0.00
888.100 0.00
888.205 0.00
888.311 0.00
888.418 0.00
888.524 0.00
888.630 0.00
888.735 0.00
888.842 0.00
888.948 0.00
889.062 0.00
889.163 0.00
889.272 0.00
889.386 0.00
889.488 0.00
889.595 0.00
889.700 0.00
889.806 0.00
889.912 0.00
890.017 0.00
890.125 0.00
890.230 0.00
890.336 0.00
890.443 0.00
890.549 0.00
890.655 0.00
890.760 0.00
890.866 0.00
890.973 0.00
891.079 0.00
891.185 0.00
891.291 0.00
891.396 0.00
891.502 0.00
891.609 0.00
891.714 0.00
891.820 0.00
891.928 0.00
892.037 0.00
892.139 0.00
892.246 0.00
892.351 0.00
892.457 0.00
892.563 0.00
892.669 0.00
892.776 0.00
892.881 0.00
892.987 0.00
893.093 97.00
893.200 0.00
893.306 0.00
893.411 0.00
893.518 0.00
893.623 0.00
893.730 0.00
893.835 0.00
893.942 0.00
894.047 0.00
894.154 0.00
894.260 0.00
894.366 87.00
894.472 0.00
894.578 0.00
894.684 0.00
894.790 0.00
894.896 0.00
895.002 0.00
895.114 0.00
895.216 0.00
895.321 0.00
895.432 0.00
895.540 0.00
895.641 0.00
895.755 0.00
895.857 0.00
895.962 0.00
896.069 0.00
896.175 0.00
896.281 0.00
896.387 0.00
896.493 0.00
896.598 45.00
896.705 0.00
896.812 0.00
896.917 0.00
897.023 0.00
897.129 0.00
897.235 0.00
897.341 0.00
897.447 0.00
897.555 0.00
897.660 0.00
897.767 0.00
897.873 0.00
897.978 0.00
898.084 0.00
898.190 0.00
898.296 0.00
898.407 0.00
898.509 0.00
898.615 0.00
898.720 0.00
898.826 0.00
898.936 0.00
899.038 109.00
899.145 0.00
899.251 0.00
899.357 0.00
899.463 0.00
899.569 0.00
899.675 0.00
899.782 0.00
899.887 0.00
899.994 71.00
900.099 0.00
900.205 0.00
900.311 0.00
900.418 0.00
900.524 0.00
900.630 0.00
900.735 0.00
900.842 0.00
900.948 0.00
901.054 0.00
901.160 0.00
901.265 0.00
901.372 0.00
901.478 0.00
901.585 0.00
901.693 0.00
901.796 0.00
901.902 0.00
902.013 0.00
