0.323 0.00
0.719 0.00
1.282 0.00
1.845 0.00
2.409 0.00
2.973 0.00
3.536 0.00
4.097 0.00
4.661 0.00
5.227 0.00
5.787 0.00
6.349 0.00
6.914 0.00
7.479 0.00
8.041 0.00
8.604 0.00
9.165 0.00
9.728 0.00
10.291 0.00
10.852 0.00
11.415 0.00
11.978 0.00
12.541 0.00
13.103 0.00
13.666 0.00
14.227 0.00
14.793 0.00
15.355 0.00
15.917 0.00
16.480 0.00
17.042 0.00
17.608 0.00
18.167 0.00
18.730 0.00
19.292 0.00
19.855 0.00
20.424 0.00
20.983 0.00
21.545 0.00
22.106 0.00
22.670 0.00
23.234 0.00
23.798 0.00
24.378 0.00
24.954 0.00
25.531 0.00
26.107 0.00
26.684 0.00
27.260 0.00
27.835 0.00
28.412 0.00
28.988 0.00
29.565 0.00
30.143 0.00
30.720 0.00
31.296 0.00
31.873 0.00
32.449 0.00
33.024 0.00
33.599 0.00
34.175 0.00
34.749 0.00
35.323 0.00
35.898 0.00
36.470 0.00
37.046 0.00
37.622 0.00
38.198 0.00
38.776 0.00
39.355 0.00
39.936 0.00
40.513 0.00
41.093 0.00
41.669 0.00
42.250 0.00
42.819 0.00
43.399 0.00
43.979 0.00
44.561 0.00
45.141 0.00
45.721 0.00
46.301 0.00
46.881 0.00
47.462 0.00
48.042 0.00
48.621 0.00
49.201 0.00
49.781 0.00
50.362 0.00
50.943 0.00
51.522 0.00
52.102 0.00
52.683 0.00
53.265 0.00
53.842 0.00
54.418 0.00
54.999 0.00
55.580 0.00
56.160 0.00
56.740 0.00
57.319 0.00
57.900 0.00
58.480 0.00
59.061 17923.00
59.641 17746.00
60.222 56977.00
60.802 36907.00
61.383 24229.00
61.964 18406.00
62.544 3921.00
63.126 0.00
63.707 0.00
64.283 0.00
64.858 0.00
65.435 0.00
66.001 70.00
66.567 0.00
67.131 0.00
67.708 0.00
68.288 0.00
68.868 0.00
69.448 0.00
70.029 0.00
70.604 0.00
71.169 0.00
71.733 0.00
72.298 0.00
72.864 0.00
73.430 0.00
73.996 0.00
74.572 0.00
75.152 0.00
75.733 0.00
76.314 0.00
76.893 0.00
77.473 0.00
78.058 0.00
78.634 0.00
79.214 0.00
79.794 0.00
80.375 0.00
80.943 0.00
81.509 0.00
82.076 0.00
82.639 0.00
83.203 0.00
83.779 0.00
84.349 0.00
84.914 0.00
85.478 0.00
86.040 0.00
86.605 0.00
87.167 0.00
87.731 0.00
88.294 0.00
88.856 0.00
89.419 0.00
89.983 0.00
90.544 0.00
91.109 0.00
91.674 0.00
92.239 0.00
92.803 0.00
93.367 0.00
93.929 0.00
94.491 0.00
95.053 0.00
95.617 0.00
96.190 0.00
96.747 0.00
97.311 0.00
97.875 0.00
98.439 0.00
99.005 0.00
99.563 0.00
100.127 0.00
100.689 0.00
101.253 0.00
101.819 0.00
102.381 0.00
102.945 0.00
103.507 0.00
104.070 0.00
104.632 0.00
105.199 0.00
105.758 0.00
106.325 0.00
106.883 0.00
107.449 0.00
108.012 0.00
108.575 0.00
109.137 0.00
109.700 0.00
110.262 0.00
110.824 0.00
111.387 0.00
111.951 0.00
112.513 0.00
113.078 0.00
113.645 0.00
114.216 0.00
114.773 0.00
115.334 0.00
115.896 0.00
116.460 0.00
117.028 0.00
117.592 0.00
118.155 0.00
118.717 0.00
119.280 0.00
119.842 0.00
120.404 0.00
120.968 0.00
121.530 0.00
122.096 0.00
122.661 0.00
123.223 0.00
123.786 0.00
124.349 0.00
124.912 0.00
125.478 0.00
126.049 0.00
126.613 0.00
127.174 0.00
127.736 0.00
128.304 0.00
128.864 0.00
129.427 0.00
129.990 0.00
130.551 0.00
131.114 0.00
131.677 0.00
132.240 0.00
132.802 0.00
133.364 0.00
133.928 0.00
134.490 0.00
135.058 0.00
135.614 0.00
136.177 0.00
136.738 0.00
137.303 0.00
137.868 0.00
138.432 0.00
138.994 0.00
139.556 0.00
140.122 0.00
140.686 0.00
141.250 0.00
141.814 0.00
142.381 0.00
142.946 0.00
143.509 0.00
144.073 0.00
144.637 0.00
145.201 0.00
145.764 0.00
146.325 0.00
146.887 0.00
147.454 0.00
148.019 0.00
148.581 0.00
149.144 0.00
149.707 0.00
150.272 0.00
150.834 0.00
151.399 0.00
151.964 0.00
152.531 0.00
153.095 0.00
153.657 0.00
154.219 0.00
154.783 0.00
155.347 0.00
155.909 0.00
156.472 0.00
157.036 0.00
157.598 0.00
158.162 0.00
158.726 0.00
159.288 0.00
159.852 0.00
160.416 0.00
160.980 0.00
161.542 0.00
162.106 0.00
162.673 0.00
163.239 0.00
163.806 0.00
164.376 0.00
164.941 0.00
165.523 0.00
166.101 0.00
166.675 0.00
167.241 0.00
167.815 0.00
168.369 0.00
168.937 0.00
169.501 0.00
170.064 0.00
170.628 0.00
171.208 0.00
171.789 0.00
172.369 0.00
172.948 0.00
173.529 0.00
174.109 0.00
174.673 0.00
175.240 0.00
175.806 0.00
176.375 0.00
176.937 0.00
177.502 0.00
178.068 0.00
178.634 0.00
179.201 0.00
179.767 0.00
180.330 0.00
180.895 0.00
181.462 0.00
182.028 0.00
182.592 0.00
183.156 0.00
183.719 0.00
184.284 0.00
184.847 0.00
185.411 0.00
185.976 0.00
186.553 0.00
187.133 0.00
187.713 0.00
188.294 0.00
188.874 0.00
189.450 0.00
190.015 0.00
190.581 0.00
191.151 0.00
191.715 0.00
192.279 0.00
192.845 0.00
193.412 0.00
193.975 0.00
194.540 0.00
195.103 0.00
195.669 0.00
196.234 0.00
196.800 0.00
197.366 0.00
197.932 0.00
198.497 0.00
199.062 0.00
199.624 0.00
200.188 0.00
200.752 0.00
201.318 0.00
201.885 0.00
202.450 0.00
203.014 0.00
203.579 0.00
204.145 0.00
204.711 0.00
205.276 0.00
205.841 0.00
206.407 0.00
206.974 0.00
207.537 0.00
208.103 0.00
208.679 0.00
209.260 0.00
209.847 0.00
210.427 0.00
211.008 0.00
211.588 0.00
212.169 0.00
212.748 0.00
213.328 0.00
213.908 0.00
214.489 0.00
215.069 0.00
215.650 0.00
216.225 0.00
216.788 0.00
217.354 0.00
217.918 0.00
218.484 0.00
219.048 0.00
219.613 0.00
220.180 0.00
220.744 0.00
221.312 0.00
221.875 0.00
222.440 0.00
223.004 0.00
223.572 0.00
224.137 0.00
224.704 0.00
225.270 0.00
225.836 0.00
226.403 0.00
226.964 0.00
227.542 0.00
228.122 0.00
228.702 0.00
229.283 0.00
229.862 0.00
230.442 0.00
231.022 0.00
231.603 0.00
232.183 0.00
232.760 0.00
233.327 0.00
233.889 0.00
234.455 0.00
235.022 0.00
235.599 0.00
236.152 0.00
236.715 0.00
237.280 0.00
237.843 0.00
238.420 0.00
239.001 0.00
239.580 0.00
240.160 0.00
240.741 0.00
241.316 0.00
241.882 0.00
242.460 0.00
243.042 0.00
243.620 0.00
244.200 0.00
244.780 0.00
245.361 0.00
245.941 0.00
246.524 0.00
247.092 1936.00
247.658 0.00
248.224 795.00
248.795 0.00
249.353 945.00
249.917 0.00
250.482 0.00
251.048 189.00
251.615 889.00
252.179 0.00
252.743 247.00
253.310 362.00
253.876 0.00
254.443 0.00
255.008 0.00
255.571 0.00
256.137 0.00
256.705 0.00
257.270 0.00
257.837 127.00
258.403 0.00
258.966 0.00
259.531 0.00
260.098 0.00
260.664 0.00
261.235 0.00
261.794 0.00
262.360 0.00
262.926 0.00
263.499 0.00
264.058 0.00
264.625 0.00
265.191 0.00
265.758 0.00
266.321 0.00
266.883 0.00
267.447 0.00
268.014 0.00
268.580 0.00
269.147 0.00
269.726 0.00
270.304 0.00
270.885 0.00
271.465 0.00
272.045 0.00
272.626 0.00
273.186 0.00
273.751 0.00
274.317 0.00
274.881 0.00
275.449 0.00
276.013 0.00
276.580 0.00
277.145 0.00
277.714 0.00
278.279 0.00
278.847 0.00
279.420 0.00
279.978 0.00
280.541 0.00
281.104 0.00
281.671 0.00
282.234 0.00
282.798 0.00
283.372 0.00
283.930 0.00
284.496 0.00
285.065 0.00
285.627 0.00
286.192 0.00
286.758 0.00
287.325 0.00
287.887 0.00
288.451 0.00
289.018 0.00
289.585 0.00
290.148 0.00
290.711 0.00
291.274 0.00
291.840 0.00
292.406 0.00
292.977 0.00
293.540 0.00
294.106 0.00
294.670 0.00
295.236 0.00
295.801 0.00
296.378 0.00
296.959 0.00
297.545 0.00
298.119 0.00
298.699 0.00
299.279 0.00
299.860 0.00
300.439 0.00
301.021 0.00
301.597 0.00
302.174 0.00
302.755 0.00
303.335 0.00
303.907 0.00
304.473 0.00
305.039 0.00
305.606 0.00
306.171 0.00
306.735 0.00
307.301 0.00
307.866 0.00
308.428 0.00
308.993 0.00
309.560 0.00
310.125 0.00
310.692 0.00
311.258 0.00
311.835 0.00
312.416 0.00
312.996 0.00
313.576 0.00
314.156 0.00
314.736 0.00
315.316 0.00
315.897 0.00
316.478 0.00
317.057 0.00
317.637 0.00
318.217 0.00
318.796 0.00
319.368 0.00
319.934 0.00
320.499 0.00
321.064 0.00
321.627 0.00
322.191 0.00
322.757 0.00
323.323 0.00
323.890 0.00
324.457 0.00
325.022 0.00
325.589 0.00
326.156 0.00
326.724 0.00
327.290 0.00
327.852 0.00
328.426 0.00
329.007 0.00
329.586 0.00
330.167 0.00
330.748 0.00
331.328 0.00
331.910 0.00
332.490 0.00
333.073 0.00
333.652 0.00
334.233 0.00
334.814 0.00
335.395 0.00
335.975 0.00
336.557 0.00
337.129 0.00
337.710 0.00
338.289 0.00
338.870 0.00
339.450 0.00
340.030 0.00
340.610 0.00
341.191 0.00
341.767 0.00
342.332 0.00
342.898 0.00
343.460 0.00
344.023 0.00
344.587 0.00
345.155 0.00
345.720 0.00
346.284 0.00
346.851 0.00
347.418 0.00
347.983 0.00
348.550 0.00
349.111 0.00
349.677 0.00
350.243 0.00
350.810 0.00
351.377 0.00
351.943 0.00
352.520 0.00
353.100 0.00
353.681 0.00
354.260 0.00
354.843 0.00
355.422 0.00
355.999 0.00
356.579 0.00
357.157 0.00
357.732 0.00
358.316 0.00
358.885 0.00
359.461 0.00
360.036 0.00
360.609 0.00
361.183 0.00
361.757 0.00
362.332 0.00
362.908 0.00
363.483 0.00
364.062 0.00
364.633 0.00
365.208 0.00
365.783 0.00
366.355 0.00
366.928 0.00
367.505 0.00
368.078 0.00
368.652 0.00
369.226 0.00
369.796 0.00
370.368 0.00
370.944 0.00
371.514 0.00
372.085 0.00
372.664 0.00
373.230 0.00
373.802 0.00
374.375 0.00
374.943 0.00
375.512 0.00
376.084 0.00
376.653 0.00
377.221 0.00
377.792 0.00
378.364 0.00
378.933 0.00
379.507 0.00
380.069 0.00
380.639 0.00
381.206 0.00
381.773 0.00
382.341 0.00
382.909 0.00
383.476 0.00
384.044 0.00
384.614 0.00
385.183 0.00
385.750 0.00
386.320 0.00
386.892 0.00
387.461 0.00
388.031 0.00
388.607 0.00
389.168 0.00
389.737 0.00
390.307 0.00
390.879 0.00
391.443 0.00
392.014 0.00
392.583 0.00
393.155 0.00
393.726 0.00
394.301 0.00
394.869 0.00
395.448 0.00
396.028 0.00
396.609 0.00
397.189 0.00
397.769 0.00
398.349 0.00
398.930 0.00
399.510 0.00
400.090 0.00
400.671 0.00
401.250 0.00
401.830 0.00
402.412 0.00
402.991 0.00
403.568 0.00
404.149 0.00
404.728 0.00
405.310 0.00
405.888 0.00
406.468 0.00
407.041 0.00
407.621 0.00
408.202 0.00
408.781 0.00
409.362 0.00
409.942 0.00
410.522 0.00
411.098 0.00
411.676 0.00
412.257 0.00
412.834 0.00
413.415 0.00
413.994 0.00
414.575 0.00
415.155 0.00
415.735 0.00
416.318 0.00
416.894 0.00
417.472 0.00
418.054 0.00
418.632 0.00
419.211 0.00
419.790 0.00
420.370 0.00
420.949 0.00
421.538 0.00
422.103 0.00
422.678 0.00
423.255 0.00
423.832 0.00
424.406 0.00
424.986 0.00
425.564 0.00
426.141 0.00
426.716 0.00
427.292 0.00
427.866 0.00
428.441 0.00
429.013 0.00
429.591 0.00
430.168 0.00
430.743 0.00
431.321 0.00
431.899 0.00
432.478 0.00
433.051 0.00
433.626 0.00
434.201 0.00
434.774 0.00
435.349 0.00
435.943 0.00
436.504 0.00
437.079 0.00
437.654 0.00
438.232 0.00
438.807 0.00
439.382 0.00
439.957 0.00
440.529 0.00
441.101 0.00
441.679 0.00
442.251 0.00
442.822 0.00
443.399 0.00
443.974 0.00
444.551 0.00
445.124 0.00
445.702 0.00
446.282 0.00
446.862 0.00
447.442 0.00
448.025 0.00
448.601 0.00
449.182 0.00
449.761 0.00
450.336 0.00
450.916 0.00
451.497 0.00
452.077 0.00
452.660 0.00
453.240 0.00
453.816 0.00
454.391 0.00
454.962 0.00
455.545 0.00
456.122 0.00
456.698 0.00
457.270 0.00
457.851 0.00
458.427 0.00
459.004 0.00
459.578 0.00
460.148 0.00
460.716 0.00
461.291 0.00
461.862 0.00
462.431 0.00
463.002 0.00
463.574 0.00
464.142 0.00
464.716 0.00
465.291 0.00
465.864 0.00
466.435 0.00
467.007 0.00
467.575 0.00
468.148 0.00
468.717 0.00
469.292 0.00
469.864 0.00
470.433 0.00
471.005 0.00
471.578 0.00
472.150 0.00
472.722 0.00
473.291 0.00
473.867 0.00
474.435 0.00
475.008 0.00
475.576 0.00
476.146 0.00
476.715 0.00
477.283 0.00
477.856 0.00
478.426 0.00
479.005 0.00
479.575 0.00
480.143 0.00
480.713 0.00
481.279 0.00
481.848 0.00
482.415 0.00
482.978 0.00
483.548 0.00
484.118 0.00
484.687 0.00
485.256 0.00
485.826 0.00
486.397 0.00
486.968 0.00
487.538 0.00
488.115 0.00
488.679 0.00
489.248 0.00
489.819 0.00
490.391 0.00
490.963 0.00
491.535 0.00
492.103 0.00
492.673 0.00
493.244 0.00
493.812 0.00
494.383 0.00
494.953 0.00
495.521 0.00
496.094 0.00
496.662 0.00
497.231 0.00
497.803 0.00
498.372 0.00
498.941 0.00
499.511 0.00
500.079 0.00
500.650 0.00
501.219 0.00
501.789 0.00
502.357 0.00
502.929 0.00
503.496 0.00
504.062 0.00
504.628 0.00
505.196 0.00
505.766 0.00
506.335 0.00
506.905 0.00
507.477 0.00
508.043 0.00
508.618 0.00
509.185 0.00
509.757 0.00
510.326 0.00
510.899 0.00
511.470 0.00
512.042 0.00
512.613 0.00
513.185 0.00
513.758 0.00
514.330 0.00
514.907 0.00
515.474 0.00
516.045 0.00
516.616 0.00
517.193 0.00
517.775 0.00
518.336 0.00
518.908 0.00
519.479 0.00
520.053 0.00
520.628 0.00
521.204 0.00
521.774 0.00
522.345 0.00
522.917 0.00
523.489 0.00
524.062 0.00
524.632 0.00
525.206 0.00
525.772 0.00
526.344 0.00
526.923 0.00
527.497 0.00
528.066 0.00
528.637 0.00
529.209 0.00
529.783 0.00
530.359 0.00
530.928 0.00
531.500 0.00
532.072 0.00
532.644 0.00
533.217 0.00
533.788 0.00
534.360 0.00
534.931 0.00
535.502 0.00
536.073 0.00
536.642 0.00
537.211 0.00
537.782 0.00
538.356 0.00
538.929 0.00
539.502 0.00
540.072 0.00
540.635 0.00
541.206 0.00
541.778 0.00
542.353 0.00
542.930 0.00
543.490 0.00
544.059 0.00
544.627 0.00
545.199 0.00
545.767 0.00
546.343 0.00
546.909 0.00
547.481 0.00
548.050 0.00
548.623 0.00
549.195 0.00
549.766 0.00
550.331 0.00
550.904 0.00
551.477 0.00
552.047 0.00
552.610 0.00
553.176 0.00
553.747 0.00
554.320 0.00
554.887 0.00
555.448 0.00
556.013 0.00
556.585 0.00
557.157 0.00
557.723 0.00
558.293 0.00
558.861 0.00
559.435 0.00
560.007 0.00
560.574 0.00
561.144 0.00
561.717 0.00
562.286 0.00
562.857 0.00
563.428 0.00
563.995 0.00
564.567 0.00
565.137 0.00
565.712 0.00
566.287 0.00
566.855 0.00
567.422 0.00
567.990 0.00
568.555 0.00
569.121 0.00
569.687 0.00
570.256 0.00
570.825 0.00
571.400 0.00
571.970 0.00
572.539 0.00
573.120 0.00
573.679 0.00
574.244 0.00
574.814 0.00
575.385 0.00
575.952 0.00
576.518 0.00
577.089 0.00
577.660 0.00
578.230 0.00
578.797 0.00
579.361 0.00
579.930 0.00
580.495 0.00
581.068 0.00
581.637 0.00
582.206 0.00
582.777 0.00
583.348 0.00
583.917 0.00
584.489 0.00
585.052 0.00
585.621 0.00
586.187 0.00
586.753 0.00
587.325 0.00
587.896 0.00
588.459 0.00
589.028 0.00
589.593 0.00
590.158 0.00
590.727 0.00
591.306 0.00
591.867 0.00
592.434 0.00
593.004 0.00
593.571 0.00
594.140 0.00
594.706 0.00
595.278 0.00
595.844 0.00
596.411 0.00
596.981 0.00
597.549 0.00
598.117 0.00
598.683 0.00
599.250 0.00
599.816 0.00
600.385 0.00
600.956 0.00
601.526 0.00
602.094 0.00
602.665 0.00
603.232 0.00
603.800 0.00
604.369 0.00
604.937 0.00
605.506 0.00
606.082 0.00
606.644 0.00
607.213 0.00
607.778 0.00
608.347 0.00
608.916 0.00
609.481 0.00
610.050 0.00
610.621 0.00
611.184 0.00
611.752 0.00
612.322 0.00
612.891 0.00
613.456 0.00
614.022 0.00
614.593 0.00
615.162 0.00
615.729 0.00
616.298 0.00
616.863 0.00
617.432 0.00
617.996 0.00
618.562 0.00
619.131 0.00
619.696 0.00
620.263 0.00
620.828 0.00
621.405 0.00
621.967 0.00
622.529 0.00
623.095 0.00
623.666 0.00
624.236 0.00
624.803 0.00
625.372 0.00
625.939 0.00
626.508 0.00
627.078 0.00
627.645 0.00
628.209 0.00
628.778 0.00
629.341 0.00
629.909 0.00
630.477 0.00
631.045 0.00
631.608 0.00
632.177 0.00
632.747 0.00
633.319 0.00
633.886 0.00
634.455 0.00
635.025 0.00
635.590 0.00
636.154 0.00
636.722 0.00
637.287 0.00
637.855 0.00
638.424 0.00
638.997 0.00
639.567 0.00
640.139 0.00
640.706 0.00
641.275 0.00
641.846 0.00
642.414 0.00
642.983 0.00
643.559 0.00
644.123 0.00
644.689 0.00
645.258 0.00
645.828 0.00
646.397 0.00
646.971 0.00
647.541 0.00
648.111 0.00
648.684 0.00
649.251 0.00
649.818 0.00
650.386 0.00
650.956 0.00
651.525 0.00
652.095 0.00
652.663 0.00
653.229 0.00
653.794 0.00
654.367 0.00
654.936 0.00
655.507 0.00
656.079 0.00
656.646 0.00
657.214 0.00
657.785 0.00
658.355 0.00
658.931 0.00
659.502 0.00
660.076 0.00
660.647 0.00
661.218 0.00
661.787 0.00
662.354 0.00
662.926 0.00
663.489 0.00
664.052 0.00
664.617 0.00
665.181 0.00
665.743 0.00
666.306 0.00
666.868 0.00
667.430 0.00
667.993 0.00
668.556 0.00
669.119 0.00
669.682 0.00
670.247 0.00
670.809 0.00
671.371 0.00
671.935 0.00
672.497 0.00
673.060 0.00
673.625 0.00
674.184 0.00
674.745 0.00
675.310 0.00
675.874 0.00
676.437 0.00
676.999 0.00
677.561 0.00
678.124 0.00
678.686 0.00
679.250 0.00
679.812 0.00
680.375 0.00
680.936 0.00
681.499 0.00
682.061 0.00
682.627 0.00
683.191 0.00
683.753 0.00
684.316 0.00
684.879 0.00
685.441 0.00
686.004 0.00
686.566 0.00
687.128 0.00
687.691 0.00
688.255 0.00
688.816 0.00
689.378 0.00
689.941 0.00
690.503 0.00
691.066 0.00
691.628 0.00
692.190 0.00
692.753 0.00
693.316 0.00
693.878 0.00
694.441 0.00
695.002 0.00
695.563 0.00
696.127 0.00
696.689 0.00
697.252 0.00
697.814 0.00
698.377 0.00
698.940 0.00
699.501 0.00
700.064 0.00
700.627 0.00
701.192 0.00
701.751 0.00
702.313 0.00
702.878 0.00
703.443 0.00
704.005 0.00
704.566 0.00
705.129 0.00
705.691 0.00
706.253 0.00
706.815 0.00
707.379 0.00
707.943 0.00
708.506 0.00
709.070 0.00
709.632 0.00
710.194 0.00
710.757 0.00
711.318 0.00
711.880 0.00
712.442 0.00
713.006 0.00
713.569 0.00
714.132 0.00
714.693 0.00
715.257 0.00
715.820 0.00
716.382 0.00
716.944 0.00
717.506 0.00
718.068 0.00
718.633 0.00
719.194 0.00
719.757 0.00
720.321 0.00
720.885 0.00
721.447 0.00
722.010 0.00
722.573 0.00
723.137 0.00
723.698 0.00
724.261 0.00
724.824 0.00
725.386 0.00
725.949 0.00
726.512 0.00
727.075 0.00
727.639 0.00
728.198 0.00
728.761 0.00
729.324 0.00
729.885 0.00
730.448 0.00
731.010 0.00
731.573 0.00
732.136 0.00
732.699 0.00
733.266 0.00
733.826 0.00
734.389 0.00
734.950 0.00
735.512 0.00
736.074 0.00
736.637 0.00
737.200 0.00
737.763 0.00
738.325 0.00
738.887 0.00
739.450 0.00
740.012 0.00
740.575 0.00
741.136 0.00
741.700 0.00
742.261 0.00
742.823 0.00
743.386 0.00
743.947 0.00
744.510 0.00
745.072 0.00
745.634 0.00
746.196 0.00
746.769 0.00
747.324 0.00
747.888 0.00
748.452 0.00
749.015 0.00
749.577 0.00
750.142 0.00
750.706 0.00
751.269 0.00
751.831 0.00
752.393 0.00
752.955 0.00
753.520 0.00
754.083 0.00
754.645 0.00
755.208 0.00
755.772 0.00
756.336 0.00
756.899 0.00
757.462 0.00
758.034 0.00
758.586 0.00
759.148 0.00
759.713 0.00
760.278 0.00
760.843 0.00
761.403 0.00
761.965 0.00
762.526 0.00
763.091 0.00
763.655 0.00
764.218 0.00
764.780 0.00
765.342 0.00
765.905 0.00
766.467 0.00
767.029 0.00
767.591 0.00
768.153 0.00
768.716 0.00
769.278 0.00
769.842 0.00
770.402 0.00
770.965 0.00
771.527 0.00
772.093 0.00
772.655 0.00
773.219 0.00
773.781 0.00
774.344 0.00
774.905 0.00
775.469 0.00
776.030 0.00
776.593 0.00
777.154 0.00
777.717 0.00
778.279 0.00
778.843 0.00
779.406 0.00
779.970 0.00
780.332 0.00
780.438 0.00
780.544 73.00
780.650 0.00
780.757 0.00
780.863 0.00
780.969 71.00
781.075 0.00
781.181 0.00
781.286 0.00
781.392 93.00
781.500 0.00
781.605 0.00
781.711 0.00
781.817 0.00
781.924 0.00
782.029 0.00
782.135 0.00
782.241 0.00
782.347 0.00
782.453 0.00
782.559 0.00
782.666 0.00
782.771 0.00
782.877 63.00
782.984 0.00
783.090 0.00
783.196 0.00
783.301 0.00
783.408 0.00
783.514 0.00
783.620 0.00
783.726 0.00
783.832 0.00
783.939 0.00
784.044 0.00
784.152 432.00
784.256 757.00
784.364 0.00
784.468 0.00
784.574 570.00
784.680 0.00
784.786 0.00
784.893 583.00
785.006 0.00
785.108 1009.00
785.213 0.00
785.320 0.00
785.426 0.00
785.532 0.00
785.637 0.00
785.743 0.00
785.850 0.00
785.956 0.00
786.062 0.00
786.167 0.00
786.274 0.00
786.380 0.00
786.486 0.00
786.592 0.00
786.698 0.00
786.806 0.00
786.911 0.00
787.018 0.00
787.124 0.00
787.244 0.00
787.345 0.00
787.451 0.00
787.557 105.00
787.664 0.00
787.769 0.00
787.876 0.00
787.988 0.00
788.090 0.00
788.195 0.00
788.301 12.00
788.407 0.00
788.513 0.00
788.619 0.00
788.725 0.00
788.830 0.00
788.937 0.00
789.042 0.00
789.149 0.00
789.255 0.00
789.361 0.00
789.468 0.00
789.573 0.00
789.679 83.00
789.785 0.00
789.892 0.00
789.997 0.00
790.103 0.00
790.210 0.00
790.319 40.00
790.422 0.00
790.528 0.00
790.634 0.00
790.739 0.00
790.845 0.00
790.952 0.00
791.058 0.00
791.164 0.00
791.270 116.00
791.375 0.00
791.483 0.00
791.588 0.00
791.694 0.00
791.801 0.00
791.907 0.00
792.012 0.00
792.118 0.00
792.225 0.00
792.331 65.00
792.437 0.00
792.543 0.00
792.649 0.00
792.754 0.00
792.860 0.00
792.967 0.00
793.072 0.00
793.178 0.00
793.285 0.00
793.390 0.00
793.497 0.00
793.603 0.00
793.709 0.00
793.815 0.00
793.921 0.00
794.027 0.00
794.133 0.00
794.239 103.00
794.345 0.00
794.451 0.00
794.558 0.00
794.663 0.00
794.770 0.00
794.875 0.00
794.981 0.00
795.088 0.00
795.193 88.00
795.300 91.00
795.406 0.00
795.512 0.00
795.618 0.00
795.724 0.00
795.829 0.00
795.936 0.00
796.043 0.00
796.148 0.00
796.254 0.00
796.360 0.00
796.466 0.00
796.573 0.00
796.678 0.00
796.784 0.00
796.891 0.00
796.996 0.00
797.102 0.00
797.208 0.00
797.314 0.00
797.420 0.00
797.526 0.00
797.632 0.00
797.739 76.00
797.845 0.00
797.951 0.00
798.057 0.00
798.162 0.00
798.269 0.00
798.376 0.00
798.481 0.00
798.587 0.00
798.694 0.00
798.801 0.00
798.911 57.00
799.013 0.00
799.118 0.00
799.224 0.00
799.330 119.00
799.436 0.00
799.542 0.00
799.648 0.00
799.755 0.00
799.864 0.00
799.966 65.00
800.073 0.00
800.179 0.00
800.285 0.00
800.390 0.00
800.497 0.00
800.602 0.00
800.708 0.00
800.815 0.00
800.921 0.00
801.026 0.00
801.133 78.00
801.239 0.00
801.345 0.00
801.452 0.00
801.557 0.00
801.663 0.00
801.769 0.00
801.876 0.00
801.982 0.00
802.090 0.00
802.194 0.00
802.299 0.00
802.413 0.00
802.514 0.00
802.622 102.00
802.727 0.00
802.833 0.00
802.939 0.00
803.044 0.00
803.151 0.00
803.257 0.00
803.362 0.00
803.469 0.00
803.575 0.00
803.681 0.00
803.787 0.00
803.893 0.00
803.999 0.00
804.106 0.00
804.212 0.00
804.317 0.00
804.424 0.00
804.529 0.00
804.635 0.00
804.743 0.00
804.848 0.00
804.954 0.00
805.060 0.00
805.171 0.00
805.273 0.00
805.379 0.00
805.484 0.00
805.591 0.00
805.698 0.00
805.803 0.00
805.910 0.00
806.015 0.00
806.121 0.00
806.228 0.00
806.334 0.00
806.439 98.00
806.545 0.00
806.651 0.00
806.757 0.00
806.863 39.00
806.970 0.00
807.076 0.00
807.182 0.00
807.289 0.00
807.395 0.00
807.505 0.00
807.607 0.00
807.719 161.00
807.825 0.00
807.927 72.00
808.033 0.00
808.139 0.00
808.246 0.00
808.351 0.00
808.457 88.00
808.563 0.00
808.669 0.00
808.775 87.00
808.881 0.00
808.988 0.00
809.093 0.00
809.199 0.00
809.306 94.00
809.412 0.00
809.518 0.00
809.623 0.00
809.730 0.00
809.836 0.00
809.942 73.00
810.048 0.00
810.153 0.00
810.260 0.00
810.366 0.00
810.476 0.00
810.578 0.00
810.689 0.00
810.792 0.00
810.899 0.00
811.003 0.00
811.108 92.00
811.215 0.00
811.325 0.00
811.429 0.00
811.533 0.00
811.638 0.00
811.744 0.00
811.851 0.00
811.956 0.00
812.063 34.00
812.168 0.00
812.274 0.00
812.381 0.00
812.487 0.00
812.593 0.00
812.699 0.00
812.805 0.00
812.911 0.00
813.017 0.00
813.123 0.00
813.229 0.00
813.335 0.00
813.441 0.00
813.548 35.00
813.653 0.00
813.759 0.00
813.868 0.00
813.971 0.00
814.078 0.00
814.183 0.00
814.290 0.00
814.395 0.00
814.502 0.00
814.608 0.00
814.713 0.00
814.820 0.00
814.926 0.00
815.032 0.00
815.137 0.00
815.244 0.00
815.349 0.00
815.456 0.00
815.562 0.00
815.668 0.00
815.774 0.00
815.880 0.00
815.986 0.00
816.092 0.00
816.199 0.00
816.305 78.00
816.411 0.00
816.519 0.00
816.626 0.00
816.729 0.00
816.834 0.00
816.940 0.00
817.053 0.00
817.155 0.00
817.261 0.00
817.367 0.00
817.473 0.00
817.579 0.00
817.685 0.00
817.790 0.00
817.897 0.00
818.004 0.00
818.109 0.00
818.215 0.00
818.321 0.00
818.427 0.00
818.534 0.00
818.639 110.00
818.745 0.00
818.851 0.00
818.957 88.00
819.064 0.00
819.169 0.00
819.275 0.00
819.381 0.00
819.487 0.00
819.595 0.00
819.700 0.00
819.806 0.00
819.911 0.00
820.017 0.00
820.124 0.00
820.238 0.00
820.340 0.00
820.447 0.00
820.552 0.00
820.659 0.00
820.764 74.00
820.870 0.00
820.976 0.00
821.082 0.00
821.188 0.00
821.295 0.00
821.401 0.00
821.507 0.00
821.613 0.00
821.720 0.00
821.826 0.00
821.932 102.00
822.038 0.00
822.144 95.00
822.249 101.00
822.355 0.00
822.463 0.00
822.568 0.00
822.674 0.00
822.780 0.00
822.886 0.00
822.992 0.00
823.102 0.00
823.204 0.00
823.310 0.00
823.417 0.00
823.522 0.00
823.628 0.00
823.735 0.00
823.840 0.00
823.947 0.00
824.053 0.00
824.158 0.00
824.265 0.00
824.371 0.00
824.477 0.00
824.584 0.00
824.689 0.00
824.795 0.00
824.901 0.00
825.007 0.00
825.113 0.00
825.223 0.00
825.330 112.00
825.431 0.00
825.537 0.00
825.643 0.00
825.756 63.00
825.857 0.00
825.964 0.00
826.069 67.00
826.175 69.00
826.282 0.00
826.388 0.00
826.501 0.00
826.602 0.00
826.708 0.00
826.813 0.00
826.920 0.00
827.027 0.00
827.132 0.00
827.239 77.00
827.344 0.00
827.451 0.00
827.557 0.00
827.664 0.00
827.769 75.00
827.875 0.00
827.981 0.00
828.088 0.00
828.194 0.00
828.300 0.00
828.405 0.00
828.511 0.00
828.617 0.00
828.724 0.00
828.830 0.00
828.935 0.00
829.041 0.00
829.148 0.00
829.253 0.00
829.360 0.00
829.465 0.00
829.572 27.00
829.678 0.00
829.784 0.00
829.889 0.00
829.996 0.00
830.103 102.00
830.208 0.00
830.314 0.00
830.420 0.00
830.527 0.00
830.632 0.00
830.739 0.00
830.844 0.00
830.950 96.00
831.057 0.00
831.163 0.00
831.268 0.00
831.375 0.00
831.481 0.00
831.586 0.00
831.693 0.00
831.799 0.00
831.908 0.00
832.015 0.00
832.117 0.00
832.223 0.00
832.329 135.00
832.436 0.00
832.542 0.00
832.647 0.00
832.753 0.00
832.860 38.00
832.966 0.00
833.071 0.00
833.177 0.00
833.284 60.00
833.391 0.00
833.496 0.00
833.602 0.00
833.708 0.00
833.813 0.00
833.920 0.00
834.026 0.00
834.131 85.00
834.237 0.00
834.348 0.00
834.450 0.00
834.556 119.00
834.662 0.00
834.768 0.00
834.877 0.00
834.980 0.00
835.086 0.00
835.193 0.00
835.298 0.00
835.405 0.00
835.510 0.00
835.616 0.00
835.722 0.00
835.828 0.00
835.934 0.00
836.040 0.00
836.146 0.00
836.253 0.00
836.358 0.00
836.465 0.00
836.571 0.00
836.677 0.00
836.783 0.00
836.891 0.00
836.995 0.00
837.101 0.00
837.206 0.00
837.314 0.00
837.419 0.00
837.525 0.00
837.631 136.00
837.737 0.00
837.847 0.00
837.950 0.00
838.055 0.00
838.161 0.00
838.267 0.00
838.374 0.00
838.480 0.00
838.586 0.00
838.691 0.00
838.797 99.00
838.903 0.00
839.010 0.00
839.115 0.00
839.222 0.00
839.328 0.00
839.434 0.00
839.539 0.00
839.645 0.00
839.752 0.00
839.861 0.00
839.964 0.00
840.143 0.00
840.420 0.00
840.828 0.00
841.389 0.00
841.952 0.00
842.514 0.00
843.079 0.00
843.643 0.00
844.205 0.00
844.768 0.00
845.331 0.00
845.894 0.00
846.457 0.00
847.020 0.00
847.581 0.00
848.145 0.00
848.707 0.00
849.272 0.00
849.836 0.00
850.398 0.00
850.960 0.00
851.522 0.00
852.087 0.00
852.646 0.00
853.209 0.00
853.771 0.00
854.333 0.00
854.896 0.00
855.465 0.00
856.028 0.00
856.590 0.00
857.152 0.00
857.714 0.00
858.276 0.00
858.839 0.00
859.401 0.00
859.964 0.00
860.527 0.00
861.089 0.00
861.651 0.00
862.213 0.00
862.775 0.00
863.339 0.00
863.902 0.00
864.463 0.00
865.027 0.00
865.590 0.00
866.153 0.00
866.715 0.00
867.278 0.00
867.840 0.00
868.402 0.00
868.964 0.00
869.526 0.00
870.090 0.00
870.650 0.00
871.213 0.00
871.775 0.00
872.338 0.00
872.900 0.00
873.462 0.00
874.024 0.00
874.586 0.00
875.149 0.00
875.711 0.00
876.274 0.00
876.838 0.00
877.402 0.00
877.964 0.00
878.526 0.00
879.089 0.00
879.651 0.00
880.214 0.00
880.776 0.00
881.338 0.00
881.901 0.00
882.464 0.00
883.027 0.00
883.588 0.00
884.151 0.00
884.712 0.00
885.277 0.00
885.840 0.00
886.402 0.00
886.965 0.00
887.527 0.00
888.089 0.00
888.651 0.00
889.213 0.00
889.775 0.00
890.340 0.00
890.903 0.00
891.464 0.00
892.027 0.00
892.589 0.00
893.152 0.00
893.716 0.00
894.281 0.00
894.842 0.00
895.405 0.00
895.969 0.00
896.532 0.00
897.093 0.00
897.656 0.00
898.218 0.00
898.781 0.00
899.345 0.00
899.908 0.00
900.469 0.00
901.031 0.00
