0.360 0.00
0.755 0.00
1.318 0.00
1.879 0.00
2.442 0.00
3.004 0.00
3.566 0.00
4.129 0.00
4.694 0.00
5.258 0.00
5.822 0.00
6.384 0.00
6.946 0.00
7.508 0.00
8.070 0.00
8.634 0.00
9.198 0.00
9.759 0.00
10.321 0.00
10.884 0.00
11.446 0.00
12.008 0.00
12.572 0.00
13.136 0.00
13.700 0.00
14.268 0.00
14.827 0.00
15.389 0.00
15.951 0.00
16.513 0.00
17.076 0.00
17.639 0.00
18.201 0.00
18.764 0.00
19.327 0.00
19.889 0.00
20.451 0.00
21.012 0.00
21.578 0.00
22.139 0.00
22.704 0.00
23.270 0.00
23.835 0.00
24.408 0.00
24.985 0.00
25.564 0.00
26.140 0.00
26.716 0.00
27.292 0.00
27.868 0.00
28.445 0.00
29.020 0.00
29.597 0.00
30.174 0.00
30.749 0.00
31.326 0.00
31.904 0.00
32.483 0.00
33.058 0.00
33.637 0.00
34.217 0.00
34.794 0.00
35.371 0.00
35.949 0.00
36.533 0.00
37.106 0.00
37.686 0.00
38.265 0.00
38.844 0.00
39.426 0.00
40.003 0.00
40.568 0.00
41.131 0.00
41.698 0.00
42.262 0.00
42.827 0.00
43.388 0.00
43.952 0.00
44.517 0.00
45.094 0.00
45.674 0.00
46.255 0.00
46.833 0.00
47.410 0.00
47.987 0.00
48.561 0.00
49.128 0.00
49.694 0.00
50.259 0.00
50.823 0.00
51.388 0.00
51.954 0.00
52.518 0.00
53.084 0.00
53.648 0.00
54.211 0.00
54.775 0.00
55.338 0.00
55.902 0.00
56.466 0.00
57.031 0.00
57.608 0.00
58.190 0.00
58.769 0.00
59.350 0.00
59.928 0.00
60.508 0.00
61.085 0.00
61.664 0.00
62.243 0.00
62.825 0.00
63.404 0.00
63.983 0.00
64.564 0.00
65.142 0.00
65.723 0.00
66.301 0.00
66.877 0.00
67.454 0.00
68.030 0.00
68.607 0.00
69.182 0.00
69.755 0.00
70.320 0.00
70.887 0.00
71.452 0.00
72.017 0.00
72.580 0.00
73.147 0.00
73.711 0.00
74.278 0.00
74.857 0.00
75.438 0.00
76.018 0.00
76.598 0.00
77.178 0.00
77.757 0.00
78.337 0.00
78.918 0.00
79.483 0.00
80.043 0.00
80.608 0.00
81.170 0.00
81.731 0.00
82.294 0.00
82.858 0.00
83.422 0.00
83.984 0.00
84.549 0.00
85.114 0.00
85.681 0.00
86.242 0.00
86.805 0.00
87.367 0.00
87.930 0.00
88.492 0.00
89.054 0.00
89.617 0.00
90.181 0.00
90.742 0.00
91.305 0.00
91.868 0.00
92.430 0.00
92.992 0.00
93.553 0.00
94.116 0.00
94.679 0.00
95.243 0.00
95.807 0.00
96.372 0.00
96.936 0.00
97.500 0.00
98.063 0.00
98.628 0.00
99.191 0.00
99.754 0.00
100.317 0.00
100.880 0.00
101.443 0.00
102.005 0.00
102.571 0.00
103.148 0.00
103.729 0.00
104.308 0.00
104.888 0.00
105.466 0.00
106.038 0.00
106.602 0.00
107.164 0.00
107.727 0.00
108.291 0.00
108.853 0.00
109.415 0.00
109.977 0.00
110.539 0.00
111.101 0.00
111.665 0.00
112.227 0.00
112.791 0.00
113.356 0.00
113.917 0.00
114.479 0.00
115.042 0.00
115.606 0.00
116.173 0.00
116.735 0.00
117.296 0.00
117.859 0.00
118.421 0.00
118.984 0.00
119.546 0.00
120.108 0.00
120.670 0.00
121.232 0.00
121.796 0.00
122.356 0.00
122.922 0.00
123.486 0.00
124.048 0.00
124.610 0.00
125.172 0.00
125.737 0.00
126.300 0.00
126.863 0.00
127.428 0.00
127.994 0.00
128.555 0.00
129.116 0.00
129.680 0.00
130.243 0.00
130.805 0.00
131.372 0.00
131.935 0.00
132.498 0.00
133.059 0.00
133.621 0.00
134.187 0.00
134.751 0.00
135.310 0.00
135.873 0.00
136.439 0.00
137.003 0.00
137.568 0.00
138.131 0.00
138.696 0.00
139.262 0.00
139.829 0.00
140.393 0.00
140.957 0.00
141.522 0.00
142.087 0.00
142.651 0.00
143.213 0.00
143.786 0.00
144.338 0.00
144.903 0.00
145.467 0.00
146.031 0.00
146.596 0.00
147.158 0.00
147.723 0.00
148.289 0.00
148.854 0.00
149.420 0.00
149.983 0.00
150.547 0.00
151.110 0.00
151.671 0.00
152.238 0.00
152.800 0.00
153.361 0.00
153.924 0.00
154.490 822.00
155.074 936.00
155.648 1083.00
156.229 0.00
156.809 0.00
157.390 0.00
157.968 0.00
158.546 0.00
159.126 0.00
159.707 0.00
160.285 275.00
160.863 669.00
161.443 1666.00
162.023 1325.00
162.602 1311.00
163.181 557.00
163.762 884.00
164.343 903.00
164.922 1288.00
165.503 0.00
166.084 530.00
166.657 0.00
167.222 353.00
167.791 0.00
168.348 0.00
168.912 0.00
169.476 0.00
170.044 0.00
170.608 0.00
171.173 0.00
171.737 0.00
172.319 0.00
172.899 0.00
173.471 0.00
174.033 0.00
174.597 0.00
175.161 0.00
175.725 0.00
176.291 0.00
176.857 0.00
177.423 0.00
177.989 0.00
178.556 0.00
179.120 0.00
179.682 0.00
180.246 0.00
180.812 0.00
181.379 0.00
181.943 0.00
182.507 0.00
183.071 0.00
183.635 0.00
184.198 0.00
184.763 0.00
185.330 0.00
185.892 0.00
186.457 0.00
187.020 0.00
187.587 0.00
188.168 0.00
188.743 0.00
189.304 0.00
189.867 0.00
190.431 0.00
190.997 0.00
191.562 0.00
192.127 0.00
192.692 0.00
193.258 0.00
193.822 0.00
194.390 0.00
194.957 0.00
195.520 0.00
196.085 0.00
196.649 0.00
197.211 0.00
197.776 0.00
198.345 0.00
198.907 0.00
199.470 0.00
200.035 0.00
200.600 0.00
201.164 0.00
201.724 0.00
202.289 0.00
202.854 0.00
203.417 0.00
203.983 0.00
204.550 0.00
205.114 0.00
205.680 0.00
206.245 0.00
206.812 0.00
207.376 0.00
207.939 0.00
208.504 0.00
209.067 0.00
209.642 0.00
210.224 0.00
210.803 0.00
211.383 0.00
211.963 0.00
212.544 0.00
213.129 0.00
213.704 0.00
214.287 0.00
214.863 0.00
215.436 0.00
216.008 0.00
216.564 0.00
217.127 0.00
217.692 0.00
218.254 0.00
218.818 0.00
219.383 0.00
219.946 0.00
220.511 0.00
221.076 0.00
221.641 0.00
222.205 0.00
222.769 0.00
223.334 0.00
223.901 0.00
224.464 0.00
225.026 0.00
225.589 0.00
226.154 0.00
226.721 0.00
227.286 0.00
227.861 0.00
228.441 0.00
229.021 0.00
229.602 0.00
230.180 0.00
230.760 0.00
231.341 0.00
231.912 0.00
232.478 0.00
233.041 0.00
233.608 0.00
234.175 0.00
234.735 0.00
235.301 0.00
235.867 0.00
236.434 0.00
237.002 0.00
237.564 0.00
238.130 0.00
238.695 0.00
239.276 0.00
239.856 0.00
240.435 0.00
241.017 0.00
241.591 0.00
242.154 0.00
242.728 0.00
243.309 0.00
243.889 0.00
244.469 0.00
245.049 0.00
245.627 643.00
246.192 0.00
246.757 1214.00
247.324 0.00
247.889 0.00
248.451 2364.00
249.016 1334.00
249.581 0.00
250.145 0.00
250.709 0.00
251.276 0.00
251.840 0.00
252.405 1245.00
252.975 440.00
253.540 0.00
254.104 0.00
254.670 0.00
255.237 0.00
255.798 0.00
256.364 293.00
256.930 0.00
257.496 0.00
258.062 0.00
258.629 0.00
259.195 0.00
259.761 0.00
260.326 0.00
260.893 0.00
261.457 0.00
262.022 0.00
262.587 0.00
263.151 0.00
263.715 0.00
264.279 0.00
264.845 0.00
265.411 0.00
265.973 0.00
266.537 0.00
267.104 0.00
267.669 0.00
268.235 0.00
268.801 0.00
269.368 0.00
269.934 0.00
270.500 0.00
271.072 0.00
271.640 0.00
272.202 0.00
272.771 0.00
273.331 0.00
273.898 0.00
274.462 0.00
275.028 0.00
275.594 0.00
276.160 0.00
276.726 0.00
277.293 0.00
277.860 0.00
278.424 0.00
278.989 0.00
279.553 0.00
280.119 0.00
280.691 0.00
281.252 0.00
281.817 0.00
282.383 0.00
282.945 0.00
283.515 0.00
284.077 0.00
284.642 0.00
285.206 0.00
285.772 0.00
286.338 0.00
286.903 0.00
287.469 0.00
288.033 0.00
288.596 0.00
289.161 0.00
289.725 0.00
290.290 0.00
290.856 0.00
291.421 0.00
291.987 0.00
292.554 0.00
293.120 0.00
293.686 0.00
294.253 0.00
294.818 0.00
295.385 0.00
295.951 0.00
296.519 0.00
297.099 0.00
297.680 0.00
298.261 0.00
298.840 0.00
299.424 0.00
300.002 0.00
300.573 0.00
301.137 0.00
301.702 0.00
302.264 0.00
302.826 0.00
303.391 0.00
303.957 0.00
304.523 0.00
305.091 0.00
305.656 0.00
306.222 0.00
306.786 0.00
307.350 0.00
307.916 0.00
308.481 0.00
309.045 0.00
309.611 0.00
310.175 0.00
310.739 0.00
311.305 0.00
311.882 0.00
312.463 0.00
313.042 0.00
313.622 0.00
314.204 0.00
314.784 0.00
315.364 0.00
315.945 0.00
316.523 0.00
317.103 0.00
317.685 0.00
318.265 0.00
318.846 0.00
319.427 0.00
319.991 0.00
320.556 0.00
321.122 0.00
321.684 0.00
322.251 0.00
322.814 0.00
323.381 0.00
323.946 0.00
324.510 0.00
325.074 0.00
325.640 0.00
326.206 0.00
326.774 0.00
327.346 0.00
327.916 0.00
328.497 0.00
329.076 0.00
329.657 0.00
330.238 0.00
330.817 0.00
331.398 0.00
331.978 0.00
332.557 0.00
333.141 0.00
333.719 0.00
334.300 0.00
334.875 0.00
335.455 0.00
336.035 0.00
336.616 0.00
337.196 0.00
337.776 0.00
338.356 0.00
338.937 0.00
339.516 0.00
340.095 0.00
340.676 0.00
341.256 0.00
341.836 0.00
342.417 0.00
342.997 0.00
343.576 0.00
344.156 0.00
344.733 0.00
345.306 0.00
345.873 0.00
346.436 0.00
347.002 0.00
347.568 0.00
348.140 0.00
348.704 0.00
349.276 0.00
349.853 0.00
350.429 0.00
351.009 0.00
351.590 0.00
352.164 0.00
352.736 0.00
353.306 0.00
353.878 0.00
354.450 0.00
355.019 0.00
355.588 0.00
356.157 0.00
356.724 0.00
357.293 0.00
357.864 0.00
358.433 0.00
359.000 0.00
359.569 0.00
360.135 0.00
360.703 0.00
361.273 0.00
361.840 0.00
362.404 0.00
362.968 0.00
363.536 0.00
364.103 0.00
364.672 0.00
365.241 0.00
365.809 0.00
366.379 0.00
366.946 0.00
367.515 0.00
368.084 0.00
368.655 0.00
369.226 0.00
369.795 0.00
370.362 0.00
370.930 0.00
371.497 0.00
372.069 0.00
372.646 0.00
373.206 0.00
373.774 0.00
374.346 0.00
374.915 0.00
375.486 0.00
376.054 0.00
376.620 0.00
377.189 0.00
377.759 0.00
378.327 0.00
378.897 0.00
379.462 0.00
380.031 0.00
380.604 0.00
381.170 0.00
381.739 0.00
382.306 0.00
382.872 0.00
383.438 0.00
384.002 0.00
384.574 0.00
385.146 0.00
385.717 0.00
386.286 0.00
386.856 0.00
387.426 0.00
387.990 0.00
388.556 0.00
389.125 0.00
389.694 0.00
390.263 0.00
390.832 0.00
391.400 0.00
391.977 0.00
392.557 0.00
393.137 0.00
393.717 0.00
394.298 0.00
394.878 0.00
395.458 0.00
396.039 0.00
396.616 0.00
397.195 0.00
397.782 0.00
398.355 0.00
398.936 0.00
399.516 0.00
400.097 0.00
400.676 0.00
401.257 0.00
401.837 0.00
402.417 0.00
402.997 0.00
403.575 0.00
404.144 0.00
404.720 0.00
405.301 0.00
405.881 0.00
406.461 0.00
407.042 0.00
407.621 0.00
408.202 0.00
408.783 0.00
409.360 0.00
409.944 0.00
410.520 0.00
411.100 0.00
411.681 0.00
412.261 0.00
412.842 0.00
413.422 0.00
414.003 0.00
414.583 0.00
415.162 0.00
415.743 0.00
416.325 0.00
416.905 0.00
417.485 0.00
418.065 0.00
418.645 0.00
419.224 0.00
419.798 0.00
420.373 0.00
420.953 0.00
421.533 0.00
422.115 0.00
422.689 0.00
423.269 0.00
423.849 0.00
424.426 0.00
425.003 0.00
425.583 0.00
426.158 0.00
426.736 0.00
427.313 0.00
427.887 0.00
428.465 0.00
429.043 0.00
429.620 0.00
430.199 0.00
430.777 0.00
431.356 0.00
431.933 0.00
432.514 0.00
433.090 0.00
433.664 0.00
434.242 0.00
434.816 0.00
435.387 0.00
435.963 0.00
436.540 0.00
437.114 0.00
437.689 0.00
438.262 0.00
438.835 0.00
439.408 0.00
439.978 0.00
440.553 0.00
441.128 0.00
441.701 0.00
442.278 0.00
442.853 0.00
443.426 0.00
444.002 0.00
444.575 0.00
445.146 0.00
445.723 0.00
446.306 0.00
446.868 0.00
447.439 0.00
448.009 0.00
448.584 0.00
449.155 0.00
449.728 0.00
450.298 0.00
450.867 0.00
451.442 0.00
452.014 0.00
452.589 0.00
453.164 0.00
453.734 0.00
454.307 0.00
454.882 0.00
455.454 0.00
456.031 0.00
456.601 0.00
457.174 0.00
457.747 0.00
458.320 0.00
458.892 0.00
459.457 0.00
460.029 0.00
460.598 0.00
461.172 0.00
461.741 0.00
462.312 0.00
462.879 0.00
463.451 0.00
464.017 0.00
464.588 0.00
465.157 0.00
465.723 0.00
466.295 0.00
466.864 0.00
467.440 0.00
468.014 0.00
468.584 0.00
469.160 0.00
469.734 0.00
470.307 0.00
470.875 0.00
471.448 0.00
472.015 0.00
472.585 0.00
473.154 0.00
473.725 0.00
474.295 0.00
474.866 0.00
475.436 0.00
476.007 0.00
476.579 0.00
477.150 0.00
477.722 0.00
478.296 0.00
478.868 0.00
479.444 0.00
480.018 0.00
480.590 0.00
481.160 0.00
481.729 0.00
482.304 0.00
482.877 0.00
483.449 0.00
484.023 0.00
484.596 0.00
485.170 0.00
485.744 0.00
486.318 0.00
486.889 0.00
487.462 0.00
488.036 0.00
488.607 0.00
489.179 0.00
489.752 0.00
490.327 0.00
490.897 0.00
491.470 0.00
492.041 0.00
492.615 0.00
493.187 0.00
493.754 0.00
494.323 0.00
494.892 0.00
495.468 0.00
496.032 0.00
496.601 0.00
497.169 0.00
497.737 0.00
498.308 0.00
498.876 0.00
499.445 0.00
500.014 0.00
500.583 0.00
501.153 0.00
501.724 0.00
502.296 0.00
502.865 0.00
503.437 0.00
504.009 0.00
504.582 0.00
505.157 0.00
505.729 0.00
506.300 0.00
506.873 0.00
507.443 0.00
508.014 0.00
508.592 0.00
509.157 0.00
509.729 0.00
510.300 0.00
510.872 0.00
511.450 0.00
512.009 0.00
512.580 0.00
513.154 0.00
513.728 0.00
514.297 0.00
514.866 0.00
515.438 0.00
516.010 0.00
516.585 0.00
517.162 0.00
517.738 0.00
518.311 0.00
518.883 0.00
519.458 0.00
520.030 0.00
520.601 0.00
521.172 0.00
521.742 0.00
522.315 0.00
522.884 0.00
523.453 0.00
524.026 0.00
524.596 0.00
525.170 0.00
525.738 0.00
526.305 0.00
526.874 0.00
527.447 0.00
528.017 0.00
528.588 0.00
529.156 0.00
529.723 0.00
530.289 0.00
530.862 0.00
531.433 0.00
532.009 0.00
532.580 0.00
533.149 0.00
533.718 0.00
534.289 0.00
534.858 0.00
535.429 0.00
536.001 0.00
536.570 0.00
537.145 0.00
537.715 0.00
538.290 0.00
538.861 0.00
539.433 0.00
540.005 0.00
540.579 0.00
541.150 0.00
541.719 0.00
542.298 0.00
542.865 0.00
543.436 0.00
544.010 0.00
544.578 0.00
545.145 0.00
545.720 0.00
546.299 0.00
546.872 0.00
547.444 0.00
548.025 0.00
548.588 0.00
549.159 0.00
549.736 0.00
550.305 0.00
550.883 0.00
551.469 0.00
552.036 0.00
552.611 0.00
553.181 0.00
553.756 0.00
554.332 0.00
554.904 0.00
555.481 0.00
556.054 0.00
556.625 0.00
557.202 0.00
557.775 0.00
558.350 0.00
558.928 0.00
559.497 0.00
560.067 0.00
560.638 0.00
561.212 0.00
561.782 0.00
562.351 0.00
562.927 0.00
563.498 0.00
564.071 0.00
564.639 0.00
565.204 0.00
565.775 0.00
566.346 0.00
566.913 0.00
567.481 0.00
568.057 0.00
568.617 0.00
569.184 0.00
569.773 0.00
570.330 0.00
570.896 0.00
571.478 0.00
572.038 0.00
572.608 0.00
573.179 0.00
573.746 0.00
574.313 0.00
574.884 0.00
575.453 0.00
576.029 0.00
576.601 0.00
577.167 0.00
577.733 0.00
578.299 0.00
578.870 0.00
579.438 0.00
580.007 0.00
580.576 0.00
581.149 0.00
581.722 0.00
582.291 0.00
582.853 0.00
583.422 0.00
583.989 0.00
584.554 0.00
585.120 0.00
585.697 0.00
586.259 0.00
586.832 0.00
587.403 0.00
587.977 0.00
588.549 0.00
589.113 0.00
589.680 0.00
590.248 0.00
590.814 0.00
591.388 0.00
591.952 0.00
592.527 0.00
593.097 0.00
593.660 0.00
594.223 0.00
594.795 0.00
595.352 0.00
595.919 0.00
596.492 0.00
597.063 0.00
597.629 0.00
598.199 0.00
598.764 0.00
599.332 0.00
599.903 0.00
600.472 0.00
601.038 0.00
601.610 0.00
602.177 0.00
602.749 0.00
603.320 0.00
603.887 0.00
604.457 0.00
605.027 0.00
605.594 0.00
606.169 0.00
606.739 0.00
607.312 0.00
607.884 0.00
608.453 0.00
609.023 0.00
609.590 0.00
610.161 0.00
610.727 0.00
611.296 0.00
611.867 0.00
612.440 0.00
613.006 0.00
613.569 0.00
614.139 0.00
614.706 0.00
615.272 0.00
615.842 0.00
616.408 0.00
616.976 0.00
617.546 0.00
618.115 0.00
618.687 0.00
619.255 0.00
619.822 0.00
620.393 0.00
620.959 0.00
621.528 0.00
622.096 0.00
622.666 0.00
623.230 0.00
623.800 0.00
624.369 0.00
624.937 0.00
625.507 0.00
626.077 0.00
626.646 0.00
627.215 0.00
627.780 0.00
628.345 0.00
628.914 0.00
629.480 0.00
630.045 0.00
630.612 0.00
631.180 0.00
631.745 0.00
632.310 0.00
632.873 0.00
633.438 0.00
634.004 0.00
634.571 0.00
635.141 0.00
635.709 0.00
636.280 0.00
636.846 0.00
637.415 0.00
637.983 0.00
638.550 0.00
639.117 0.00
639.685 0.00
640.251 0.00
640.817 0.00
641.387 0.00
641.949 0.00
642.518 0.00
643.085 0.00
643.656 0.00
644.213 0.00
644.776 0.00
645.344 0.00
645.908 0.00
646.481 0.00
647.049 0.00
647.621 0.00
648.182 0.00
648.749 0.00
649.318 0.00
649.883 0.00
650.453 0.00
651.019 0.00
651.583 0.00
652.154 0.00
652.721 0.00
653.286 0.00
653.851 0.00
654.419 0.00
654.984 0.00
655.551 0.00
656.119 0.00
656.692 0.00
657.259 0.00
657.829 0.00
658.399 0.00
658.969 0.00
659.540 0.00
660.109 0.00
660.679 0.00
661.244 0.00
661.816 0.00
662.387 0.00
662.961 0.00
663.528 0.00
664.094 0.00
664.660 0.00
665.225 0.00
665.792 0.00
666.359 0.00
666.919 0.00
667.482 0.00
668.046 0.00
668.613 0.00
669.179 0.00
669.741 0.00
670.304 0.00
670.865 0.00
671.429 0.00
671.994 0.00
672.564 0.00
673.119 0.00
673.684 0.00
674.245 0.00
674.808 0.00
675.370 0.00
675.932 0.00
676.497 0.00
677.059 0.00
677.621 0.00
678.184 0.00
678.746 0.00
679.308 0.00
679.871 0.00
680.444 0.00
680.995 0.00
681.561 0.00
682.125 0.00
682.687 0.00
683.249 0.00
683.811 0.00
684.374 0.00
684.935 0.00
685.500 0.00
686.065 0.00
686.626 0.00
687.189 0.00
687.751 0.00
688.316 0.00
688.876 0.00
689.438 0.00
690.001 0.00
690.565 0.00
691.126 0.00
691.688 0.00
692.250 0.00
692.821 0.00
693.375 0.00
693.939 0.00
694.500 0.00
695.062 0.00
695.624 0.00
696.186 0.00
696.749 0.00
697.310 0.00
697.873 0.00
698.434 0.00
698.998 0.00
699.559 0.00
700.122 0.00
700.684 0.00
701.246 0.00
701.808 0.00
702.373 0.00
702.934 0.00
703.501 0.00
704.063 0.00
704.626 0.00
705.190 0.00
705.754 0.00
706.317 0.00
706.881 0.00
707.443 0.00
708.004 0.00
708.567 0.00
709.129 0.00
709.691 0.00
710.254 0.00
710.816 0.00
711.378 0.00
711.943 0.00
712.506 0.00
713.069 0.00
713.631 0.00
714.193 0.00
714.755 0.00
715.317 0.00
715.880 0.00
716.442 0.00
717.004 0.00
717.567 0.00
718.133 0.00
718.698 0.00
719.262 0.00
719.825 0.00
720.388 0.00
720.952 0.00
721.512 0.00
722.074 0.00
722.637 0.00
723.201 0.00
723.763 0.00
724.331 0.00
724.888 0.00
725.452 0.00
726.014 0.00
726.576 0.00
727.139 0.00
727.701 0.00
728.263 0.00
728.828 0.00
729.392 0.00
729.956 0.00
730.520 0.00
731.083 0.00
731.645 0.00
732.207 0.00
732.769 0.00
733.333 0.00
733.897 0.00
734.460 0.00
735.023 0.00
735.584 0.00
736.147 0.00
736.710 0.00
737.272 0.00
737.836 0.00
738.399 0.00
738.962 0.00
739.525 0.00
740.088 0.00
740.651 0.00
741.216 0.00
741.780 0.00
742.343 0.00
742.907 0.00
743.469 0.00
744.030 0.00
744.594 0.00
745.155 0.00
745.724 0.00
746.286 0.00
746.850 0.00
747.412 0.00
747.974 0.00
748.536 0.00
749.099 0.00
749.664 0.00
750.228 0.00
750.792 0.00
751.354 0.00
751.917 0.00
752.478 0.00
753.041 0.00
753.603 0.00
754.167 0.00
754.729 0.00
755.291 0.00
755.853 0.00
756.416 0.00
756.977 0.00
757.540 0.00
758.102 0.00
758.664 0.00
759.227 0.00
759.789 0.00
760.351 0.00
760.914 0.00
761.475 0.00
762.037 0.00
762.601 0.00
763.162 0.00
763.724 0.00
764.286 0.00
764.851 0.00
765.412 0.00
765.974 0.00
766.539 0.00
767.102 0.00
767.665 0.00
768.227 0.00
768.789 0.00
769.351 0.00
769.914 0.00
770.478 0.00
771.039 0.00
771.603 0.00
772.164 0.00
772.727 0.00
773.289 0.00
773.851 0.00
774.413 0.00
774.975 0.00
775.538 0.00
776.100 0.00
776.664 0.00
777.225 0.00
777.788 0.00
778.351 0.00
778.914 0.00
779.478 0.00
780.088 0.00
780.285 0.00
780.390 31.00
780.496 0.00
780.602 0.00
780.709 0.00
780.815 0.00
780.920 0.00
781.027 0.00
781.133 0.00
781.238 0.00
781.345 0.00
781.451 0.00
781.558 0.00
781.663 0.00
781.768 52.00
781.876 0.00
781.981 0.00
782.087 30.00
782.193 81.00
782.300 25.00
782.406 0.00
782.512 0.00
782.617 0.00
782.724 408.00
782.832 0.00
782.936 0.00
783.042 0.00
783.148 0.00
783.253 0.00
783.360 0.00
783.466 0.00
783.571 0.00
783.678 0.00
783.784 0.00
783.890 0.00
783.996 0.00
784.102 0.00
784.208 0.00
784.314 0.00
784.420 0.00
784.526 0.00
784.632 327.00
784.738 0.00
784.844 0.00
784.950 0.00
785.059 0.00
785.166 0.00
785.268 0.00
785.375 0.00
785.480 0.00
785.587 0.00
785.693 0.00
785.798 0.00
785.905 0.00
786.011 0.00
786.117 0.00
786.223 0.00
786.329 0.00
786.434 0.00
786.541 210.00
786.647 0.00
786.753 0.00
786.859 0.00
786.965 0.00
787.071 0.00
787.177 0.00
787.283 0.00
787.389 0.00
787.496 0.00
787.601 0.00
787.707 0.00
787.814 124.00
787.919 0.00
788.027 0.00
788.132 0.00
788.237 0.00
788.343 0.00
788.450 0.00
788.559 0.00
788.662 0.00
788.767 0.00
788.874 0.00
788.982 0.00
789.086 0.00
789.193 0.00
789.298 0.00
789.403 0.00
789.510 0.00
789.616 0.00
789.723 0.00
789.828 44.00
789.935 0.00
790.041 0.00
790.146 0.00
790.253 0.00
790.358 0.00
790.464 0.00
790.571 0.00
790.677 0.00
790.783 0.00
790.888 0.00
790.994 0.00
791.102 0.00
791.207 0.00
791.312 0.00
791.419 0.00
791.525 0.00
791.630 0.00
791.737 0.00
791.843 0.00
791.948 0.00
792.055 0.00
792.161 0.00
792.267 0.00
792.373 0.00
792.479 0.00
792.585 0.00
792.691 0.00
792.798 0.00
792.904 0.00
793.010 0.00
793.115 0.00
793.221 0.00
793.327 0.00
793.433 0.00
793.541 0.00
793.646 0.00
793.751 0.00
793.858 58.00
793.964 0.00
794.070 0.00
794.177 0.00
794.283 0.00
794.388 0.00
794.495 0.00
794.600 0.00
794.707 13.00
794.814 0.00
794.918 0.00
795.024 0.00
795.131 69.00
795.236 0.00
795.342 0.00
795.448 0.00
795.555 0.00
795.660 0.00
795.766 0.00
795.872 0.00
795.979 0.00
796.085 0.00
796.191 0.00
796.297 0.00
796.403 0.00
796.509 102.00
796.616 0.00
796.722 0.00
796.828 60.00
796.938 0.00
797.041 0.00
797.146 74.00
797.252 25.00
797.360 0.00
797.464 0.00
797.571 0.00
797.676 98.00
797.782 0.00
797.889 0.00
797.995 0.00
798.101 0.00
798.207 0.00
798.312 0.00
798.419 0.00
798.525 0.00
798.631 0.00
798.737 0.00
798.842 65.00
798.949 0.00
799.055 0.00
799.161 0.00
799.267 0.00
799.373 0.00
799.480 49.00
799.586 0.00
799.692 0.00
799.797 0.00
799.904 87.00
800.010 0.00
800.115 0.00
800.222 0.00
800.328 88.00
800.434 0.00
800.539 0.00
800.651 0.00
800.752 115.00
800.858 0.00
800.964 65.00
801.070 0.00
801.176 0.00
801.282 0.00
801.389 0.00
801.494 0.00
801.600 0.00
801.706 0.00
801.812 0.00
801.918 0.00
802.025 0.00
802.133 0.00
802.237 0.00
802.342 0.00
802.448 0.00
802.554 0.00
802.661 0.00
802.767 0.00
802.873 0.00
802.979 0.00
803.086 0.00
803.191 0.00
803.297 0.00
803.410 0.00
803.511 0.00
803.617 0.00
803.723 85.00
803.829 0.00
803.936 59.00
804.042 0.00
804.147 0.00
804.253 0.00
804.359 0.00
804.466 56.00
804.571 0.00
804.678 0.00
804.784 0.00
804.890 0.00
804.995 0.00
805.101 0.00
805.207 0.00
805.314 0.00
805.421 0.00
805.526 0.00
805.633 0.00
805.738 0.00
805.845 0.00
805.951 65.00
806.057 0.00
806.164 88.00
806.269 0.00
806.375 0.00
806.481 0.00
806.598 0.00
806.700 0.00
806.806 0.00
806.911 0.00
807.018 0.00
807.123 0.00
807.229 0.00
807.336 0.00
807.442 0.00
807.547 103.00
807.653 291.00
807.759 0.00
807.866 275.00
807.972 0.00
808.077 0.00
808.184 0.00
808.290 0.00
808.397 0.00
808.502 0.00
808.608 0.00
808.714 0.00
808.820 0.00
808.927 0.00
809.032 0.00
809.139 0.00
809.244 0.00
809.351 0.00
809.456 0.00
809.562 0.00
809.669 53.00
809.774 0.00
809.880 0.00
809.986 0.00
810.093 0.00
810.198 0.00
810.305 0.00
810.411 101.00
810.516 0.00
810.622 0.00
810.729 0.00
810.835 0.00
810.941 0.00
811.047 0.00
811.153 0.00
811.259 42.00
811.365 0.00
811.471 93.00
811.577 150.00
811.684 0.00
811.790 0.00
811.896 101.00
812.001 0.00
812.107 0.00
812.214 0.00
812.322 0.00
812.430 0.00
812.532 0.00
812.638 0.00
812.744 0.00
812.850 73.00
812.955 0.00
813.062 0.00
813.168 0.00
813.274 0.00
813.380 0.00
813.487 51.00
813.592 0.00
813.698 0.00
813.812 0.00
813.913 0.00
814.019 0.00
814.126 0.00
814.232 25.00
814.338 0.00
814.443 0.00
814.549 0.00
814.655 0.00
814.761 0.00
814.867 0.00
814.973 0.00
815.080 0.00
815.185 0.00
815.292 98.00
815.398 0.00
815.511 0.00
815.619 0.00
815.720 0.00
815.826 0.00
815.932 0.00
816.039 0.00
816.144 0.00
816.250 0.00
816.357 0.00
816.463 0.00
816.569 0.00
816.674 0.00
816.780 0.00
816.887 0.00
816.993 0.00
817.099 0.00
817.205 0.00
817.310 0.00
817.417 0.00
817.522 0.00
817.628 0.00
817.735 0.00
817.841 0.00
817.946 0.00
818.054 0.00
818.159 0.00
818.265 0.00
818.371 13.00
818.478 0.00
818.591 0.00
818.693 0.00
818.798 0.00
818.904 0.00
819.011 81.00
819.117 0.00
819.223 0.00
819.329 0.00
819.434 0.00
819.540 0.00
819.647 102.00
819.752 191.00
819.859 119.00
819.965 0.00
820.071 0.00
820.177 70.00
820.282 0.00
820.389 0.00
820.495 0.00
820.601 0.00
820.707 0.00
820.813 0.00
820.920 81.00
821.026 0.00
821.134 0.00
821.237 68.00
821.355 0.00
821.456 0.00
821.562 0.00
821.670 0.00
821.774 0.00
821.880 163.00
821.987 0.00
822.093 0.00
822.199 0.00
822.304 86.00
822.411 0.00
822.516 0.00
822.623 0.00
822.728 0.00
822.835 0.00
822.942 0.00
823.047 0.00
823.153 0.00
823.259 0.00
823.365 0.00
823.471 0.00
823.578 0.00
823.684 0.00
823.790 0.00
823.896 61.00
824.002 0.00
824.112 0.00
824.214 0.00
824.324 0.00
824.427 0.00
824.531 0.00
824.637 0.00
824.749 0.00
824.851 0.00
824.956 0.00
825.063 0.00
825.169 0.00
825.275 0.00
825.381 0.00
825.487 0.00
825.593 0.00
825.699 0.00
825.805 0.00
825.911 0.00
826.018 0.00
826.123 0.00
826.229 0.00
826.336 0.00
826.441 0.00
826.549 0.00
826.654 0.00
826.761 0.00
826.866 0.00
826.971 0.00
827.078 0.00
827.184 0.00
827.290 0.00
827.396 0.00
827.508 26.00
827.609 0.00
827.715 0.00
827.822 0.00
827.927 0.00
828.033 0.00
828.139 0.00
828.245 0.00
828.351 34.00
828.458 0.00
828.563 87.00
828.669 0.00
828.775 0.00
828.881 0.00
828.987 0.00
829.094 0.00
829.200 0.00
829.305 0.00
829.412 0.00
829.517 0.00
829.624 0.00
829.730 0.00
829.836 0.00
829.942 0.00
830.047 0.00
830.154 0.00
830.260 0.00
830.368 0.00
830.473 0.00
830.578 0.00
830.685 81.00
830.792 100.00
830.897 0.00
831.003 0.00
831.109 132.00
831.216 0.00
831.322 101.00
831.428 0.00
831.534 0.00
831.639 89.00
831.746 0.00
831.852 0.00
831.958 0.00
832.064 0.00
832.170 0.00
832.276 0.00
832.383 0.00
832.488 0.00
832.593 0.00
832.700 0.00
832.808 0.00
832.912 0.00
833.021 0.00
833.125 0.00
833.231 0.00
833.336 0.00
833.443 142.00
833.549 0.00
833.655 0.00
833.761 0.00
833.866 0.00
833.973 0.00
834.078 0.00
834.185 0.00
834.290 0.00
834.397 0.00
834.503 0.00
834.609 0.00
834.714 0.00
834.821 0.00
834.927 0.00
835.035 0.00
835.139 0.00
835.245 0.00
835.351 93.00
835.457 0.00
835.563 0.00
835.669 0.00
835.775 0.00
835.881 0.00
835.991 0.00
836.093 0.00
836.200 0.00
836.305 0.00
836.411 0.00
836.526 0.00
836.627 0.00
836.732 0.00
836.838 0.00
836.945 0.00
837.051 0.00
837.156 0.00
837.263 0.00
837.369 0.00
837.475 0.00
837.581 0.00
837.688 0.00
837.793 0.00
837.899 0.00
838.006 0.00
838.111 0.00
838.218 0.00
838.323 0.00
838.429 0.00
838.535 0.00
838.641 0.00
838.747 0.00
838.854 0.00
838.959 0.00
839.065 0.00
839.172 0.00
839.278 0.00
839.384 0.00
839.495 0.00
839.601 0.00
839.703 0.00
839.809 0.00
839.915 87.00
840.065 0.00
840.371 0.00
840.774 0.00
841.336 0.00
841.898 0.00
842.461 0.00
843.023 0.00
843.586 0.00
844.149 0.00
844.711 0.00
845.274 0.00
845.836 0.00
846.398 0.00
846.960 0.00
847.522 0.00
848.084 0.00
848.646 0.00
849.211 0.00
849.774 0.00
850.337 0.00
850.900 0.00
851.462 0.00
852.025 0.00
852.587 0.00
853.150 0.00
853.712 0.00
854.278 0.00
854.838 0.00
855.400 0.00
855.963 0.00
856.526 0.00
857.088 0.00
857.652 0.00
858.218 0.00
858.775 0.00
859.336 0.00
859.899 0.00
860.462 0.00
861.024 0.00
861.586 0.00
862.149 0.00
862.713 0.00
863.276 0.00
863.838 0.00
864.400 0.00
864.962 0.00
865.524 0.00
866.087 0.00
866.653 0.00
867.213 0.00
867.773 0.00
868.335 0.00
868.898 0.00
869.462 0.00
870.026 0.00
870.591 0.00
871.153 0.00
871.716 0.00
872.278 0.00
872.840 0.00
873.403 0.00
873.965 0.00
874.527 0.00
875.089 0.00
875.651 0.00
876.213 0.00
876.775 0.00
877.338 0.00
877.900 0.00
878.462 0.00
879.026 0.00
879.588 0.00
880.150 0.00
880.713 0.00
881.275 0.00
881.836 0.00
882.401 0.00
882.963 0.00
883.527 0.00
884.090 0.00
884.653 0.00
885.216 0.00
885.778 0.00
886.341 0.00
886.902 0.00
887.465 0.00
888.027 0.00
888.590 0.00
889.152 0.00
889.714 0.00
890.276 0.00
890.838 0.00
891.400 0.00
891.963 0.00
892.524 0.00
893.091 0.00
893.654 0.00
894.217 0.00
894.780 0.00
895.343 0.00
895.904 0.00
896.466 0.00
897.028 0.00
897.595 0.00
898.159 0.00
898.717 0.00
899.279 0.00
899.843 0.00
900.409 0.00
900.973 0.00
901.536 0.00
902.098 0.00
