0.334 0.00
0.738 0.00
1.305 0.00
1.867 0.00
2.427 0.00
2.990 0.00
3.556 0.00
4.117 0.00
4.681 0.00
5.247 0.00
5.814 0.00
6.378 0.00
6.943 0.00
7.509 255.00
8.073 0.00
8.632 0.00
9.194 0.00
9.758 0.00
10.320 0.00
10.883 0.00
11.447 0.00
12.009 0.00
12.572 0.00
13.137 0.00
13.701 0.00
14.265 0.00
14.830 0.00
15.391 0.00
15.955 0.00
16.518 0.00
17.080 0.00
17.645 0.00
18.208 0.00
18.770 0.00
19.335 0.00
19.901 0.00
20.466 0.00
21.028 119.00
21.595 0.00
22.158 0.00
22.720 0.00
23.284 0.00
23.848 0.00
24.412 0.00
24.978 0.00
25.550 0.00
26.130 0.00
26.708 0.00
27.284 0.00
27.862 0.00
28.441 0.00
29.018 0.00
29.597 0.00
30.177 0.00
30.756 252.00
31.335 271.00
31.914 0.00
32.494 0.00
33.073 340.00
33.654 165.00
34.235 276.00
34.819 0.00
35.394 385.00
35.974 118.00
36.555 164.00
37.135 192.00
37.715 13.00
38.277 164.00
38.841 0.00
39.403 339.00
39.980 0.00
40.559 127.00
41.141 0.00
41.720 0.00
42.299 0.00
42.878 0.00
43.457 0.00
44.038 0.00
44.616 0.00
45.194 0.00
45.772 0.00
46.351 0.00
46.932 0.00
47.509 0.00
48.085 0.00
48.664 0.00
49.245 0.00
49.825 0.00
50.406 0.00
50.986 0.00
51.563 0.00
52.144 187.00
52.724 0.00
53.303 0.00
53.882 0.00
54.466 0.00
55.047 0.00
55.629 0.00
56.210 0.00
56.791 0.00
57.370 79.00
57.952 0.00
58.532 0.00
59.112 0.00
59.690 0.00
60.268 0.00
60.843 0.00
61.418 0.00
61.997 0.00
62.575 0.00
63.149 27.00
63.721 99.00
64.286 2401.00
64.853 25421.00
65.417 53014.00
65.994 61910.00
66.574 65810.00
67.150 41536.00
67.715 28862.00
68.277 12098.00
68.841 5087.00
69.406 3099.00
69.970 1745.00
70.534 1260.00
71.100 594.00
71.665 685.00
72.228 0.00
72.794 1054.00
73.359 436.00
73.924 1346.00
74.490 974.00
75.059 1041.00
75.620 754.00
76.191 655.00
76.771 437.00
77.351 326.00
77.931 577.00
78.510 374.00
79.090 596.00
79.662 358.00
80.228 342.00
80.791 538.00
81.356 277.00
81.921 773.00
82.486 379.00
83.049 489.00
83.613 410.00
84.178 718.00
84.740 547.00
85.303 0.00
85.866 163.00
86.431 437.00
86.993 263.00
87.556 483.00
88.117 680.00
88.682 633.00
89.248 179.00
89.812 447.00
90.374 393.00
90.936 291.00
91.500 336.00
92.068 80.00
92.626 583.00
93.192 0.00
93.758 381.00
94.324 386.00
94.887 135.00
95.451 442.00
96.014 0.00
96.577 424.00
97.140 231.00
97.702 258.00
98.263 618.00
98.827 453.00
99.390 353.00
99.954 450.00
100.520 322.00
101.086 0.00
101.651 212.00
102.217 563.00
102.779 819.00
103.344 84.00
103.907 0.00
104.472 543.00
105.035 223.00
105.598 529.00
106.161 356.00
106.722 210.00
107.286 257.00
107.850 0.00
108.414 243.00
108.976 371.00
109.539 267.00
110.101 208.00
110.664 94.00
111.226 320.00
111.788 0.00
112.352 263.00
112.916 619.00
113.481 86.00
114.043 299.00
114.607 265.00
115.169 170.00
115.735 0.00
116.299 130.00
116.864 500.00
117.429 678.00
117.993 317.00
118.555 365.00
119.118 197.00
119.681 334.00
120.247 160.00
120.810 272.00
121.377 245.00
121.937 0.00
122.503 333.00
123.069 0.00
123.632 268.00
124.196 108.00
124.763 663.00
125.331 161.00
125.892 228.00
126.455 162.00
127.020 313.00
127.586 239.00
128.152 0.00
128.719 174.00
129.282 0.00
129.845 363.00
130.409 215.00
130.972 334.00
131.535 350.00
132.099 493.00
132.663 0.00
133.225 69.00
133.787 308.00
134.351 0.00
134.916 76.00
135.483 0.00
136.043 348.00
136.606 0.00
137.172 342.00
137.736 175.00
138.301 85.00
138.866 268.00
139.432 0.00
139.999 222.00
140.566 193.00
141.129 248.00
141.692 227.00
142.257 0.00
142.821 181.00
143.387 214.00
143.951 0.00
144.521 304.00
145.083 236.00
145.645 199.00
146.209 0.00
146.772 459.00
147.335 0.00
147.899 317.00
148.462 81.00
149.027 109.00
149.590 287.00
150.153 0.00
150.718 0.00
151.287 181.00
151.849 99.00
152.414 240.00
152.980 193.00
153.546 0.00
154.109 0.00
154.673 261.00
155.239 0.00
155.800 103.00
156.365 240.00
156.929 102.00
157.494 259.00
158.068 0.00
158.626 0.00
159.192 346.00
159.758 0.00
160.324 151.00
160.887 96.00
161.452 0.00
162.018 101.00
162.585 0.00
163.151 81.00
163.718 0.00
164.283 196.00
164.859 0.00
165.414 0.00
165.977 0.00
166.541 0.00
167.117 193.00
167.697 138.00
168.280 0.00
168.857 0.00
169.433 23.00
169.997 0.00
170.564 0.00
171.130 0.00
171.701 286.00
172.281 0.00
172.861 0.00
173.442 0.00
174.023 95.00
174.604 115.00
175.181 0.00
175.746 0.00
176.312 0.00
176.878 0.00
177.445 0.00
178.017 59.00
178.575 0.00
179.139 0.00
179.705 0.00
180.270 0.00
180.835 0.00
181.401 0.00
181.966 0.00
182.533 82.00
183.099 0.00
183.664 0.00
184.229 0.00
184.794 102.00
185.373 135.00
185.955 0.00
186.535 0.00
187.115 0.00
187.691 0.00
188.265 3788.00
188.841 1537.00
189.419 0.00
189.995 560.00
190.574 265.00
191.154 0.00
191.725 0.00
192.287 325.00
192.852 200.00
193.417 0.00
193.979 0.00
194.544 0.00
195.111 0.00
195.671 0.00
196.235 0.00
196.797 249.00
197.364 0.00
197.928 0.00
198.491 0.00
199.057 0.00
199.623 72.00
200.189 0.00
200.755 547.00
201.321 102.00
201.896 131.00
202.468 162.00
203.033 0.00
203.595 85.00
204.159 0.00
204.724 0.00
205.288 174.00
205.853 0.00
206.420 0.00
206.987 0.00
207.551 0.00
208.117 0.00
208.685 175.00
209.249 242.00
209.826 0.00
210.406 0.00
210.986 0.00
211.567 0.00
212.148 0.00
212.727 0.00
213.307 0.00
213.888 118.00
214.476 138.00
215.031 0.00
215.595 0.00
216.159 0.00
216.722 0.00
217.289 0.00
217.855 0.00
218.421 0.00
218.985 0.00
219.551 0.00
220.118 118.00
220.683 0.00
221.247 0.00
221.812 0.00
222.376 0.00
222.943 0.00
223.507 0.00
224.071 362.00
224.638 196.00
225.205 258.00
225.770 304.00
226.336 0.00
226.903 182.00
227.468 123.00
228.034 194.00
228.599 0.00
229.168 0.00
229.748 0.00
230.328 0.00
230.908 58.00
231.480 117.00
232.044 92.00
232.611 0.00
233.177 83.00
233.741 0.00
234.305 328.00
234.872 0.00
235.438 0.00
236.004 0.00
236.571 0.00
237.137 0.00
237.703 0.00
238.267 0.00
238.840 132.00
239.410 0.00
239.990 0.00
240.570 0.00
241.150 0.00
241.730 0.00
242.314 0.00
242.875 0.00
243.440 0.00
244.006 0.00
244.568 0.00
245.139 0.00
245.702 0.00
246.267 0.00
246.833 86.00
247.399 45.00
247.966 80.00
248.531 0.00
249.095 0.00
249.662 0.00
250.228 0.00
250.794 0.00
251.359 0.00
251.924 183.00
252.488 72.00
253.048 0.00
253.616 0.00
254.181 0.00
254.749 0.00
255.321 0.00
255.882 74.00
256.448 0.00
257.015 0.00
257.581 88.00
258.146 0.00
258.720 96.00
259.281 0.00
259.844 0.00
260.411 0.00
260.976 0.00
261.541 183.00
262.108 120.00
262.674 92.00
263.241 0.00
263.803 79.00
264.368 0.00
264.934 0.00
265.502 0.00
266.065 0.00
266.632 0.00
267.198 0.00
267.763 0.00
268.326 69.00
268.892 0.00
269.458 0.00
270.023 0.00
270.589 0.00
271.155 0.00
271.720 0.00
272.283 0.00
272.849 0.00
273.416 0.00
273.983 0.00
274.549 0.00
275.115 219.00
275.682 68.00
276.247 0.00
276.810 90.00
277.375 0.00
277.941 0.00
278.508 0.00
279.074 0.00
279.639 0.00
280.206 0.00
280.770 0.00
281.335 0.00
281.899 0.00
282.467 0.00
283.033 0.00
283.595 0.00
284.158 208.00
284.720 0.00
285.285 0.00
285.848 191.00
286.414 96.00
286.978 0.00
287.544 29.00
288.108 0.00
288.674 0.00
289.237 0.00
289.802 0.00
290.366 0.00
290.932 88.00
291.496 0.00
292.063 0.00
292.629 0.00
293.195 36.00
293.762 172.00
294.326 0.00
294.891 122.00
295.457 0.00
296.023 0.00
296.590 0.00
297.164 0.00
297.743 0.00
298.324 0.00
298.904 0.00
299.484 0.00
300.063 0.00
300.644 0.00
301.222 0.00
301.788 0.00
302.355 0.00
302.919 0.00
303.485 0.00
304.052 0.00
304.618 0.00
305.183 101.00
305.750 0.00
306.316 0.00
306.883 0.00
307.447 0.00
308.011 0.00
308.578 111.00
309.142 0.00
309.706 0.00
310.268 105.00
310.835 282.00
311.401 0.00
311.968 0.00
312.533 0.00
313.110 0.00
313.690 0.00
314.271 0.00
314.851 0.00
315.432 428.00
316.013 0.00
316.592 0.00
317.161 0.00
317.727 0.00
318.294 0.00
318.860 235.00
319.427 0.00
319.992 0.00
320.559 0.00
321.136 113.00
321.721 0.00
322.297 0.00
322.876 0.00
323.449 81.00
324.016 0.00
324.582 0.00
325.147 0.00
325.714 0.00
326.280 0.00
326.845 0.00
327.409 0.00
327.971 0.00
328.544 0.00
329.102 177.00
329.666 0.00
330.230 0.00
330.796 0.00
331.369 0.00
331.928 0.00
332.494 58.00
333.061 76.00
333.629 0.00
334.195 0.00
334.757 0.00
335.324 0.00
335.888 0.00
336.454 0.00
337.016 0.00
337.581 0.00
338.148 145.00
338.714 0.00
339.279 0.00
339.846 0.00
340.412 0.00
340.974 0.00
341.545 0.00
342.107 182.00
342.671 33.00
343.240 0.00
343.806 77.00
344.372 0.00
344.938 131.00
345.505 0.00
346.071 267.00
346.648 177.00
347.228 0.00
347.808 0.00
348.389 160.00
348.969 101.00
349.548 94.00
350.129 0.00
350.709 0.00
351.290 81.00
351.875 0.00
352.451 0.00
353.030 0.00
353.611 0.00
354.190 0.00
354.770 0.00
355.352 0.00
355.929 117.00
356.509 0.00
357.090 0.00
357.669 0.00
358.249 0.00
358.829 0.00
359.410 0.00
359.990 0.00
360.570 0.00
361.150 0.00
361.730 0.00
362.312 133.00
362.892 0.00
363.473 0.00
364.052 0.00
364.633 0.00
365.213 0.00
365.793 0.00
366.374 0.00
366.954 0.00
367.534 0.00
368.115 0.00
368.694 0.00
369.275 0.00
369.855 0.00
370.435 0.00
371.015 0.00
371.596 0.00
372.175 0.00
372.753 0.00
373.333 0.00
373.913 0.00
374.493 0.00
375.074 0.00
375.655 0.00
376.235 0.00
376.815 0.00
377.395 0.00
377.976 0.00
378.556 0.00
379.134 0.00
379.712 0.00
380.292 120.00
380.869 0.00
381.450 0.00
382.024 0.00
382.604 247.00
383.184 0.00
383.761 0.00
384.338 191.00
384.918 0.00
385.492 0.00
386.067 0.00
386.641 298.00
387.221 301.00
387.801 0.00
388.380 127.00
388.957 0.00
389.534 171.00
390.109 0.00
390.686 0.00
391.266 0.00
391.844 0.00
392.423 0.00
393.002 0.00
393.579 0.00
394.157 0.00
394.734 0.00
395.308 0.00
395.883 0.00
396.459 0.00
397.035 0.00
397.611 0.00
398.186 0.00
398.764 0.00
399.340 0.00
399.915 147.00
400.494 0.00
401.072 0.00
401.642 0.00
402.217 0.00
402.795 0.00
403.367 0.00
403.944 0.00
404.516 0.00
405.093 0.00
405.668 0.00
406.241 0.00
406.819 0.00
407.395 0.00
407.966 0.00
408.537 336.00
409.116 0.00
409.688 0.00
410.263 0.00
410.831 0.00
411.414 0.00
411.982 0.00
412.556 0.00
413.131 0.00
413.707 0.00
414.275 0.00
414.859 0.00
415.425 0.00
415.997 0.00
416.564 0.00
417.139 0.00
417.714 0.00
418.289 122.00
418.866 0.00
419.442 0.00
420.022 0.00
420.602 0.00
421.182 0.00
421.763 0.00
422.343 0.00
422.923 0.00
423.503 0.00
424.082 0.00
424.662 0.00
425.249 0.00
425.823 0.00
426.399 0.00
426.979 0.00
427.553 0.00
428.128 0.00
428.708 0.00
429.282 0.00
429.860 0.00
430.438 0.00
431.016 0.00
431.595 0.00
432.170 0.00
432.743 0.00
433.318 0.00
433.896 0.00
434.468 0.00
435.040 0.00
435.614 0.00
436.187 0.00
436.761 0.00
437.338 0.00
437.911 0.00
438.482 0.00
439.050 0.00
439.620 0.00
440.193 0.00
440.767 0.00
441.343 0.00
441.914 0.00
442.487 0.00
443.058 0.00
443.627 0.00
444.199 0.00
444.769 0.00
445.343 0.00
445.915 0.00
446.487 0.00
447.059 0.00
447.627 0.00
448.204 0.00
448.768 0.00
449.340 0.00
449.910 0.00
450.478 0.00
451.046 0.00
451.618 0.00
452.190 0.00
452.756 0.00
453.325 0.00
453.891 0.00
454.464 0.00
455.031 0.00
455.598 0.00
456.168 0.00
456.737 0.00
457.305 0.00
457.873 0.00
458.447 0.00
459.023 0.00
459.603 0.00
460.184 0.00
460.764 0.00
461.344 0.00
461.926 0.00
462.504 0.00
463.081 0.00
463.657 0.00
464.234 0.00
464.812 0.00
465.390 0.00
465.962 0.00
466.537 0.00
467.114 0.00
467.690 0.00
468.265 0.00
468.838 0.00
469.412 0.00
469.983 0.00
470.552 0.00
471.125 0.00
471.692 0.00
472.268 0.00
472.840 0.00
473.408 0.00
473.979 0.00
474.548 0.00
475.117 0.00
475.686 0.00
476.260 0.00
476.830 0.00
477.405 0.00
477.971 0.00
478.547 0.00
479.116 0.00
479.685 0.00
480.257 0.00
480.824 0.00
481.392 0.00
481.962 0.00
482.529 0.00
483.097 0.00
483.669 0.00
484.235 0.00
484.805 0.00
485.382 0.00
485.961 0.00
486.541 0.00
487.123 0.00
487.709 0.00
488.282 0.00
488.863 0.00
489.444 0.00
490.024 0.00
490.604 0.00
491.185 0.00
491.765 0.00
492.345 0.00
492.925 0.00
493.505 0.00
494.087 0.00
494.669 0.00
495.250 162.00
495.829 0.00
496.410 0.00
496.990 0.00
497.570 0.00
498.150 0.00
498.731 0.00
499.311 0.00
499.882 0.00
500.464 157.00
501.049 0.00
501.624 0.00
502.205 0.00
502.785 0.00
503.366 0.00
503.945 0.00
504.526 0.00
505.107 0.00
505.687 0.00
506.268 0.00
506.847 0.00
507.426 0.00
508.008 0.00
508.587 0.00
509.167 0.00
509.748 0.00
510.328 73.00
510.909 0.00
511.493 0.00
512.068 0.00
512.648 0.00
513.228 251.00
513.810 73.00
514.391 0.00
514.971 0.00
515.551 0.00
516.131 0.00
516.711 0.00
517.292 0.00
517.872 0.00
518.452 0.00
519.032 0.00
519.613 0.00
520.195 0.00
520.775 0.00
521.351 0.00
521.931 199.00
522.512 0.00
523.093 0.00
523.672 0.00
524.252 201.00
524.834 0.00
525.413 0.00
525.993 0.00
526.558 0.00
527.120 0.00
527.682 0.00
528.248 0.00
528.813 0.00
529.380 0.00
529.957 0.00
530.536 0.00
531.116 0.00
531.698 0.00
532.277 0.00
532.858 0.00
533.438 0.00
534.016 0.00
534.598 0.00
535.178 0.00
535.759 0.00
536.339 0.00
536.919 0.00
537.500 0.00
538.080 0.00
538.661 0.00
539.238 75.00
539.816 61.00
540.392 0.00
540.970 0.00
541.552 0.00
542.131 0.00
542.712 0.00
543.292 0.00
543.871 0.00
544.452 0.00
545.033 0.00
545.614 0.00
546.190 0.00
546.767 0.00
547.342 0.00
547.922 0.00
548.503 151.00
549.081 0.00
549.661 0.00
550.242 0.00
550.822 136.00
551.399 0.00
551.979 0.00
552.550 0.00
553.121 28.00
553.678 0.00
554.244 0.00
554.810 0.00
555.377 0.00
555.950 0.00
556.525 0.00
557.095 0.00
557.667 0.00
558.238 0.00
558.816 0.00
559.393 0.00
559.973 0.00
560.553 0.00
561.135 0.00
561.714 0.00
562.292 0.00
562.871 95.00
563.451 0.00
564.030 0.00
564.611 0.00
565.191 130.00
565.771 0.00
566.350 0.00
566.929 0.00
567.507 0.00
568.079 0.00
568.655 0.00
569.223 0.00
569.792 0.00
570.362 60.00
570.934 248.00
571.504 0.00
572.082 0.00
572.658 0.00
573.231 0.00
573.809 76.00
574.380 0.00
574.956 0.00
575.531 0.00
576.112 0.00
576.692 0.00
577.271 0.00
577.851 0.00
578.433 0.00
579.012 0.00
579.593 0.00
580.171 110.00
580.744 0.00
581.320 0.00
581.901 0.00
582.480 0.00
583.061 0.00
583.641 0.00
584.222 0.00
584.801 0.00
585.382 0.00
585.962 0.00
586.540 0.00
587.107 0.00
587.673 0.00
588.240 0.00
588.810 0.00
589.373 0.00
589.937 0.00
590.503 0.00
591.070 0.00
591.637 0.00
592.202 102.00
592.768 0.00
593.332 0.00
593.900 0.00
594.465 0.00
595.029 0.00
595.596 0.00
596.162 0.00
596.728 0.00
597.294 0.00
597.861 0.00
598.427 0.00
598.996 0.00
599.561 0.00
600.128 0.00
600.694 0.00
601.260 0.00
601.824 0.00
602.390 0.00
602.956 0.00
603.522 0.00
604.087 0.00
604.653 53.00
605.231 130.00
605.811 108.00
606.391 87.00
606.971 0.00
607.550 0.00
608.130 0.00
608.717 0.00
609.290 0.00
609.870 0.00
610.450 0.00
611.031 0.00
611.610 12.00
612.194 0.00
612.772 0.00
613.351 0.00
613.933 0.00
614.513 0.00
615.089 0.00
615.667 0.00
616.234 0.00
616.801 0.00
617.365 0.00
617.931 0.00
618.496 0.00
619.061 112.00
619.628 0.00
620.194 0.00
620.759 0.00
621.325 74.00
621.891 0.00
622.468 0.00
623.023 0.00
623.590 0.00
624.156 0.00
624.722 0.00
625.286 33.00
625.852 0.00
626.419 0.00
626.985 0.00
627.551 0.00
628.118 77.00
628.684 0.00
629.250 0.00
629.815 0.00
630.383 0.00
630.947 0.00
631.512 0.00
632.081 0.00
632.645 0.00
633.221 0.00
633.802 0.00
634.381 0.00
634.962 0.00
635.543 0.00
636.123 0.00
636.702 0.00
637.283 0.00
637.863 0.00
638.444 0.00
639.024 0.00
639.605 0.00
640.185 0.00
640.765 0.00
641.346 0.00
641.926 0.00
642.502 0.00
643.080 0.00
643.656 0.00
644.234 0.00
644.805 0.00
645.377 0.00
645.952 0.00
646.521 0.00
647.093 0.00
647.664 0.00
648.234 0.00
648.809 0.00
649.398 0.00
649.967 0.00
650.543 0.00
651.123 0.00
651.705 0.00
652.285 0.00
652.866 0.00
653.448 0.00
654.030 0.00
654.610 0.00
655.192 0.00
655.769 0.00
656.347 0.00
656.926 0.00
657.489 0.00
658.056 90.00
658.623 0.00
659.188 0.00
659.754 0.00
660.332 0.00
660.912 0.00
661.492 0.00
662.072 0.00
662.652 0.00
663.233 0.00
663.799 191.00
664.365 0.00
664.932 0.00
665.499 0.00
666.063 0.00
666.626 0.00
667.189 0.00
667.751 0.00
668.314 0.00
668.881 78.00
669.441 0.00
670.006 0.00
670.569 0.00
671.134 0.00
671.696 0.00
672.258 0.00
672.822 0.00
673.386 0.00
673.951 0.00
674.515 0.00
675.078 0.00
675.643 0.00
676.215 0.00
676.774 0.00
677.337 0.00
677.898 0.00
678.464 0.00
679.026 0.00
679.591 0.00
680.151 0.00
680.713 0.00
681.278 0.00
681.840 0.00
682.403 0.00
682.975 0.00
683.536 0.00
684.100 0.00
684.665 0.00
685.229 0.00
685.792 0.00
686.357 0.00
686.919 0.00
687.482 220.00
688.045 0.00
688.611 0.00
689.177 0.00
689.744 0.00
690.308 0.00
690.873 0.00
691.438 35.00
692.002 0.00
692.565 0.00
693.129 0.00
693.695 0.00
694.260 0.00
694.824 0.00
695.388 0.00
695.957 0.00
696.520 0.00
697.079 86.00
697.643 0.00
698.207 0.00
698.773 0.00
699.340 81.00
699.906 0.00
700.467 0.00
701.032 0.00
701.596 0.00
702.158 0.00
702.721 0.00
703.283 0.00
703.847 0.00
704.411 0.00
704.973 0.00
705.536 0.00
706.100 0.00
706.667 0.00
707.231 0.00
707.795 0.00
708.361 0.00
708.926 0.00
709.490 0.00
710.055 0.00
710.618 0.00
711.179 0.00
711.743 0.00
712.304 0.00
712.872 0.00
713.433 0.00
714.000 0.00
714.562 0.00
715.127 84.00
715.690 0.00
716.253 0.00
716.815 0.00
717.382 0.00
717.946 0.00
718.508 0.00
719.074 0.00
719.636 0.00
720.201 0.00
720.766 0.00
721.330 0.00
721.895 0.00
722.460 0.00
723.021 63.00
723.587 0.00
724.150 0.00
724.715 0.00
725.281 0.00
725.848 0.00
726.410 0.00
726.973 0.00
727.535 0.00
728.097 46.00
728.661 0.00
729.226 0.00
729.790 0.00
730.355 0.00
730.919 0.00
731.484 0.00
732.050 0.00
732.612 0.00
733.177 0.00
733.743 0.00
734.307 0.00
734.870 0.00
735.432 0.00
735.996 0.00
736.562 0.00
737.127 0.00
737.691 0.00
738.257 0.00
738.824 88.00
739.387 0.00
739.951 0.00
740.513 0.00
741.077 0.00
741.638 0.00
742.203 0.00
742.770 0.00
743.330 0.00
743.894 0.00
744.461 0.00
745.026 0.00
745.593 0.00
746.159 0.00
746.724 0.00
747.290 0.00
747.854 0.00
748.416 0.00
748.980 0.00
749.542 0.00
750.109 0.00
750.673 0.00
751.235 0.00
751.799 0.00
752.366 0.00
752.929 0.00
753.492 0.00
754.054 0.00
754.617 99.00
755.179 83.00
755.742 64.00
756.307 0.00
756.874 0.00
757.439 0.00
758.001 0.00
758.563 0.00
759.125 0.00
759.687 0.00
760.253 0.00
760.819 0.00
761.386 0.00
761.947 0.00
762.513 0.00
763.083 0.00
763.637 0.00
764.203 0.00
764.767 0.00
765.332 0.00
765.905 0.00
766.464 71.00
767.030 0.00
767.596 0.00
768.161 0.00
768.725 0.00
769.287 0.00
769.852 0.00
770.416 0.00
770.978 0.00
771.542 0.00
772.106 0.00
772.674 0.00
773.233 0.00
773.799 0.00
774.365 0.00
774.932 0.00
775.495 0.00
776.059 0.00
776.623 0.00
777.186 0.00
777.751 0.00
778.318 0.00
778.881 0.00
779.446 0.00
780.017 0.00
780.638 0.00
780.825 0.00
780.930 0.00
781.037 0.00
781.142 0.00
781.249 0.00
781.355 135.00
781.461 0.00
781.566 0.00
781.672 0.00
781.778 0.00
781.885 0.00
781.991 0.00
782.097 0.00
782.202 0.00
782.309 0.00
782.415 0.00
782.521 0.00
782.628 59.00
782.733 0.00
782.842 0.00
782.947 0.00
783.053 0.00
783.157 0.00
783.263 0.00
783.369 0.00
783.476 0.00
783.582 0.00
783.689 0.00
783.795 0.00
783.901 0.00
784.006 0.00
784.113 0.00
784.218 0.00
784.324 0.00
784.432 0.00
784.537 0.00
784.643 0.00
784.749 0.00
784.855 0.00
784.961 0.00
785.066 0.00
785.173 0.00
785.279 0.00
785.385 0.00
785.492 0.00
785.597 0.00
785.703 0.00
785.809 0.00
785.915 0.00
786.021 0.00
786.130 0.00
786.234 0.00
786.339 0.00
786.445 0.00
786.551 0.00
786.658 0.00
786.764 0.00
786.870 0.00
786.976 0.00
787.082 0.00
787.187 0.00
787.294 0.00
787.400 0.00
787.506 0.00
787.612 0.00
787.718 0.00
787.825 0.00
787.931 0.00
788.036 0.00
788.143 0.00
788.248 0.00
788.354 0.00
788.461 0.00
788.566 0.00
788.672 0.00
788.779 0.00
788.885 0.00
788.990 0.00
789.097 0.00
789.203 0.00
789.309 0.00
789.418 0.00
789.524 0.00
789.627 0.00
789.732 0.00
789.839 0.00
789.946 0.00
790.052 0.00
790.157 0.00
790.263 0.00
790.369 31.00
790.475 0.00
790.581 0.00
790.688 0.00
790.794 0.00
790.899 0.00
791.005 0.00
791.111 0.00
791.218 0.00
791.324 0.00
791.429 0.00
791.536 0.00
791.641 0.00
791.747 0.00
791.853 0.00
791.960 0.00
792.066 0.00
792.172 0.00
792.278 0.00
792.384 0.00
792.491 0.00
792.598 0.00
792.703 0.00
792.809 0.00
792.915 0.00
793.020 0.00
793.126 0.00
793.232 0.00
793.338 0.00
793.445 0.00
793.551 0.00
793.657 0.00
793.762 110.00
793.869 0.00
793.974 0.00
794.081 0.00
794.187 0.00
794.293 0.00
794.399 0.00
794.505 0.00
794.611 0.00
794.717 0.00
794.823 0.00
794.929 0.00
795.036 0.00
795.141 0.00
795.247 0.00
795.353 0.00
795.460 0.00
795.565 0.00
795.671 0.00
795.779 0.00
795.885 0.00
795.990 0.00
796.096 0.00
796.201 0.00
796.307 0.00
796.416 0.00
796.520 0.00
796.626 0.00
796.731 0.00
796.838 0.00
796.943 119.00
797.050 0.00
797.156 97.00
797.262 0.00
797.368 0.00
797.474 0.00
797.581 0.00
797.687 0.00
797.792 0.00
797.898 0.00
798.005 0.00
798.111 0.00
798.216 0.00
798.322 0.00
798.429 131.00
798.535 0.00
798.640 0.00
798.746 0.00
798.853 0.00
798.962 0.00
799.068 0.00
799.170 0.00
799.277 0.00
799.384 0.00
799.489 0.00
799.595 0.00
799.701 0.00
799.808 0.00
799.914 0.00
800.020 0.00
800.126 0.00
800.231 0.00
800.337 0.00
800.443 0.00
800.550 125.00
800.656 0.00
800.761 0.00
800.867 0.00
800.974 0.00
801.080 43.00
801.186 0.00
801.292 0.00
801.398 0.00
801.504 0.00
801.610 0.00
801.715 0.00
801.822 0.00
801.928 99.00
802.034 0.00
802.140 0.00
802.246 0.00
802.352 0.00
802.460 0.00
802.564 0.00
802.678 0.00
802.779 0.00
802.887 0.00
802.992 0.00
803.098 0.00
803.204 0.00
803.309 0.00
803.416 0.00
803.521 0.00
803.627 0.00
803.734 0.00
803.840 0.00
803.946 0.00
804.052 0.00
804.157 0.00
804.264 0.00
804.371 0.00
804.476 0.00
804.582 0.00
804.688 0.00
804.795 0.00
804.900 0.00
805.006 0.00
805.112 0.00
805.218 0.00
805.324 0.00
805.431 0.00
805.537 0.00
805.642 91.00
805.749 0.00
805.854 0.00
805.961 0.00
806.069 0.00
806.173 0.00
806.279 0.00
806.384 0.00
806.490 0.00
806.597 0.00
806.703 0.00
806.810 0.00
806.915 0.00
807.022 0.00
807.127 0.00
807.234 0.00
807.339 0.00
807.445 0.00
807.552 0.00
807.657 0.00
807.763 0.00
807.870 0.00
807.976 0.00
808.082 0.00
808.187 0.00
808.293 0.00
808.400 0.00
808.505 0.00
808.614 0.00
808.717 0.00
808.823 0.00
808.930 0.00
809.036 0.00
809.142 0.00
809.248 0.00
809.354 0.00
809.461 0.00
809.567 0.00
809.672 0.00
809.779 0.00
809.885 0.00
809.991 0.00
810.096 0.00
810.203 76.00
810.308 0.00
810.414 0.00
810.520 0.00
810.627 0.00
810.733 0.00
810.839 0.00
810.944 0.00
811.051 0.00
811.156 0.00
811.263 0.00
811.369 0.00
811.475 0.00
811.581 0.00
811.687 0.00
811.794 0.00
811.899 0.00
812.005 0.00
812.113 0.00
812.222 0.00
812.323 0.00
812.429 0.00
812.535 0.00
812.641 0.00
812.748 0.00
812.854 0.00
812.960 0.00
813.066 0.00
813.173 0.00
813.279 0.00
813.384 0.00
813.491 0.00
813.597 0.00
813.703 0.00
813.809 0.00
813.916 0.00
814.021 0.00
814.127 0.00
814.233 0.00
814.339 0.00
814.445 0.00
814.552 0.00
814.658 0.00
814.764 0.00
814.869 0.00
814.975 0.00
815.082 0.00
815.190 0.00
815.293 0.00
815.399 151.00
815.506 0.00
815.612 0.00
815.726 0.00
815.827 0.00
815.933 0.00
816.039 87.00
816.145 219.00
816.252 0.00
816.358 0.00
816.463 62.00
816.569 0.00
816.675 0.00
816.781 0.00
816.888 0.00
816.994 0.00
817.100 0.00
817.206 0.00
817.312 0.00
817.417 0.00
817.524 0.00
817.630 0.00
817.736 0.00
817.842 0.00
817.948 0.00
818.054 0.00
818.160 0.00
818.267 0.00
818.375 0.00
818.478 0.00
818.585 0.00
818.689 0.00
818.796 0.00
818.905 0.00
819.010 0.00
819.115 0.00
819.221 0.00
819.326 0.00
819.434 0.00
819.538 0.00
819.645 58.00
819.751 0.00
819.856 0.00
819.962 0.00
820.068 0.00
820.174 0.00
820.281 0.00
820.387 0.00
820.492 0.00
820.599 83.00
820.705 0.00
820.810 0.00
820.917 0.00
821.023 0.00
821.129 0.00
821.236 0.00
821.341 0.00
821.447 0.00
821.554 0.00
821.661 0.00
821.766 0.00
821.872 0.00
821.978 120.00
822.084 0.00
822.190 0.00
822.297 0.00
822.445 0.00
822.635 0.00
822.742 0.00
822.848 0.00
822.954 0.00
823.060 0.00
823.166 0.00
823.273 104.00
823.378 0.00
823.484 0.00
823.590 0.00
823.697 0.00
823.802 0.00
823.909 0.00
824.014 0.00
824.120 0.00
824.227 0.00
824.333 0.00
824.438 0.00
824.544 0.00
824.650 0.00
824.757 0.00
824.865 0.00
824.975 0.00
825.076 0.00
825.182 0.00
825.287 0.00
825.394 0.00
825.500 0.00
825.611 0.00
825.713 0.00
825.823 0.00
825.924 0.00
826.030 0.00
826.137 62.00
826.242 0.00
826.348 0.00
826.454 0.00
826.561 0.00
826.666 0.00
826.772 0.00
826.879 0.00
826.984 0.00
827.091 0.00
827.196 0.00
827.303 0.00
827.409 0.00
827.514 0.00
827.621 0.00
827.727 0.00
827.833 0.00
827.939 90.00
828.045 0.00
828.151 0.00
828.257 0.00
828.365 0.00
828.470 0.00
828.579 0.00
828.681 0.00
828.787 0.00
828.893 0.00
828.999 0.00
829.105 0.00
829.211 0.00
829.318 0.00
829.423 0.00
829.530 0.00
829.635 0.00
829.741 0.00
829.847 0.00
829.953 0.00
830.059 0.00
830.166 0.00
830.272 0.00
830.378 0.00
830.484 0.00
830.590 0.00
830.696 0.00
830.802 0.00
830.909 0.00
831.014 0.00
831.120 0.00
831.226 0.00
831.333 0.00
831.439 0.00
831.544 0.00
831.651 0.00
831.756 0.00
831.862 0.00
831.969 0.00
832.075 0.00
832.180 0.00
832.286 0.00
832.392 0.00
832.499 0.00
832.605 0.00
832.711 0.00
832.817 0.00
832.923 131.00
833.029 0.00
833.136 0.00
833.241 0.00
833.347 0.00
833.454 0.00
833.559 0.00
833.665 0.00
833.771 0.00
833.877 0.00
833.984 43.00
834.089 0.00
834.195 0.00
834.302 0.00
834.408 0.00
834.515 0.00
834.619 0.00
834.725 190.00
834.832 120.00
834.938 0.00
835.043 0.00
835.149 0.00
835.260 0.00
835.362 0.00
835.471 0.00
835.574 0.00
835.680 0.00
835.785 0.00
835.893 0.00
835.998 116.00
836.104 0.00
836.210 0.00
836.316 0.00
836.423 0.00
836.529 0.00
836.635 0.00
836.740 0.00
836.846 0.00
836.952 0.00
837.059 0.00
837.165 0.00
837.271 0.00
837.377 0.00
837.484 0.00
837.588 0.00
837.694 0.00
837.800 0.00
837.906 0.00
838.012 0.00
838.118 0.00
838.225 0.00
838.339 0.00
838.441 0.00
838.547 0.00
838.654 0.00
838.759 0.00
838.865 82.00
838.971 0.00
839.077 0.00
839.184 0.00
839.290 0.00
839.395 0.00
839.502 0.00
839.607 0.00
839.714 0.00
839.820 0.00
839.926 0.00
840.032 0.00
840.137 0.00
840.245 0.00
840.350 0.00
840.456 0.00
840.562 0.00
840.669 90.00
840.774 0.00
840.880 0.00
840.991 0.00
841.093 0.00
841.202 0.00
841.304 0.00
841.411 0.00
841.516 0.00
841.624 0.00
841.729 0.00
841.834 0.00
841.941 0.00
842.047 0.00
842.152 0.00
842.259 0.00
842.365 0.00
842.471 75.00
842.577 0.00
842.683 0.00
842.789 0.00
842.895 0.00
843.001 0.00
843.108 0.00
843.213 0.00
843.319 0.00
843.425 0.00
843.531 0.00
843.637 0.00
843.743 0.00
843.850 0.00
843.955 0.00
844.061 0.00
844.167 0.00
844.275 0.00
844.379 0.00
844.488 0.00
844.592 0.00
844.698 0.00
844.804 0.00
844.909 0.00
845.016 0.00
845.123 108.00
845.228 0.00
845.334 0.00
845.439 0.00
845.546 0.00
845.652 0.00
845.758 0.00
845.865 0.00
845.970 0.00
846.077 0.00
846.183 0.00
846.288 0.00
846.394 0.00
846.500 0.00
846.606 0.00
846.713 0.00
846.818 0.00
846.924 0.00
847.031 0.00
847.137 0.00
847.243 0.00
847.349 0.00
847.455 0.00
847.562 0.00
847.676 0.00
847.777 0.00
847.884 0.00
847.990 0.00
848.096 0.00
848.202 40.00
848.310 0.00
848.414 0.00
848.521 0.00
848.626 0.00
848.732 0.00
848.838 0.00
848.945 0.00
849.051 0.00
849.156 0.00
849.263 0.00
849.369 0.00
849.475 0.00
849.580 0.00
849.687 0.00
849.793 0.00
849.899 0.00
850.005 0.00
850.111 91.00
850.217 0.00
850.323 0.00
850.429 0.00
850.535 0.00
850.642 0.00
850.747 0.00
850.853 0.00
850.959 0.00
851.069 0.00
851.172 0.00
851.277 0.00
851.383 0.00
851.490 0.00
851.596 0.00
851.704 0.00
851.811 0.00
851.914 0.00
852.020 0.00
852.126 0.00
852.232 0.00
852.338 0.00
852.444 0.00
852.550 0.00
852.656 0.00
852.762 0.00
852.869 99.00
852.974 0.00
853.081 0.00
853.187 0.00
853.293 0.00
853.399 0.00
853.504 0.00
853.611 0.00
853.717 0.00
853.822 0.00
853.928 131.00
854.040 0.00
854.141 0.00
854.247 0.00
854.353 0.00
854.459 0.00
854.565 0.00
854.671 0.00
854.777 0.00
854.884 0.00
854.989 0.00
855.095 0.00
855.202 136.00
855.307 0.00
855.413 0.00
855.519 0.00
855.625 0.00
855.731 0.00
855.838 0.00
855.944 0.00
856.049 0.00
856.155 0.00
856.261 0.00
856.368 0.00
856.474 70.00
856.579 0.00
856.686 0.00
856.792 0.00
856.898 0.00
857.003 0.00
857.110 0.00
857.216 0.00
857.322 0.00
857.428 0.00
857.534 159.00
857.640 0.00
857.746 0.00
857.852 0.00
857.959 123.00
858.065 0.00
858.171 0.00
858.276 0.00
858.382 0.00
858.488 0.00
858.594 0.00
858.701 0.00
858.807 0.00
858.912 0.00
859.019 0.00
859.124 0.00
859.231 0.00
859.336 0.00
859.443 0.00
859.549 0.00
859.654 0.00
859.761 0.00
859.868 92.00
859.974 0.00
860.080 0.00
860.185 0.00
860.291 0.00
860.397 0.00
860.504 0.00
860.610 0.00
860.715 0.00
860.822 0.00
860.927 0.00
861.038 0.00
861.139 0.00
861.246 0.00
861.352 0.00
861.457 0.00
861.563 0.00
861.670 0.00
861.775 0.00
861.882 0.00
861.988 0.00
862.095 0.00
862.200 0.00
862.306 0.00
862.412 0.00
862.519 0.00
862.624 0.00
862.730 0.00
862.836 0.00
862.942 0.00
863.048 0.00
863.155 0.00
863.260 0.00
863.367 0.00
863.473 0.00
863.578 0.00
863.684 132.00
863.791 0.00
863.897 70.00
864.009 0.00
864.110 0.00
864.216 0.00
864.322 0.00
864.429 0.00
864.536 0.00
864.641 0.00
864.746 0.00
864.852 0.00
864.958 0.00
865.065 79.00
865.170 0.00
865.276 0.00
865.383 0.00
865.488 0.00
865.595 0.00
865.701 0.00
865.806 0.00
865.913 0.00
866.019 0.00
866.125 0.00
866.230 0.00
866.337 0.00
866.443 0.00
866.549 0.00
866.654 0.00
866.762 0.00
866.866 0.00
866.973 0.00
867.080 0.00
867.185 0.00
867.292 0.00
867.398 0.00
867.509 0.00
867.610 0.00
867.720 0.00
867.823 0.00
867.928 0.00
868.035 0.00
868.140 0.00
868.247 0.00
868.353 0.00
868.459 0.00
868.564 0.00
868.671 0.00
868.777 0.00
868.883 0.00
868.989 0.00
869.095 0.00
869.201 0.00
869.307 0.00
869.414 0.00
869.519 0.00
869.625 0.00
869.731 0.00
869.838 0.00
869.943 0.00
870.049 0.00
870.155 0.00
870.261 0.00
870.368 0.00
870.474 0.00
870.580 0.00
870.686 62.00
870.792 0.00
870.898 0.00
871.004 0.00
871.110 0.00
871.219 0.00
871.322 0.00
871.428 0.00
871.534 0.00
871.639 0.00
871.746 0.00
871.852 0.00
871.958 0.00
872.064 0.00
872.171 0.00
872.276 0.00
872.382 0.00
872.488 0.00
872.595 0.00
872.700 0.00
872.806 0.00
872.912 0.00
873.018 0.00
873.125 0.00
873.230 0.00
873.337 0.00
873.443 0.00
873.548 0.00
873.656 0.00
873.760 0.00
873.867 0.00
873.973 0.00
874.081 0.00
874.185 0.00
874.291 0.00
874.397 0.00
874.503 0.00
874.610 0.00
874.715 0.00
874.821 0.00
874.927 0.00
875.034 0.00
875.139 0.00
875.245 0.00
875.352 101.00
875.458 0.00
875.563 0.00
875.669 0.00
875.776 0.00
875.882 0.00
875.988 0.00
876.093 0.00
876.200 0.00
876.307 0.00
876.412 0.00
876.518 0.00
876.624 0.00
876.730 0.00
876.839 0.00
876.942 0.00
877.048 0.00
877.155 0.00
877.260 0.00
877.371 0.00
877.472 0.00
877.578 0.00
877.684 0.00
877.799 0.00
877.900 0.00
878.007 0.00
878.113 0.00
878.218 0.00
878.325 0.00
878.430 0.00
878.536 0.00
878.643 0.00
878.749 0.00
878.855 0.00
878.961 109.00
879.067 0.00
879.173 0.00
879.279 0.00
879.385 0.00
879.491 123.00
879.598 0.00
879.703 0.00
879.810 0.00
879.916 0.00
880.021 0.00
880.128 0.00
880.233 0.00
880.339 0.00
880.446 0.00
880.552 0.00
880.657 0.00
880.764 0.00
880.870 0.00
880.982 0.00
881.083 0.00
881.190 0.00
881.295 0.00
881.400 0.00
881.507 0.00
881.614 0.00
881.719 0.00
881.825 0.00
881.932 0.00
882.037 0.00
882.143 0.00
882.250 0.00
882.356 0.00
882.462 0.00
882.567 0.00
882.674 0.00
882.779 0.00
882.886 0.00
882.992 0.00
883.098 0.00
883.204 0.00
883.313 0.00
883.416 0.00
883.522 0.00
883.628 0.00
883.734 0.00
883.840 103.00
883.947 0.00
884.062 0.00
884.163 0.00
884.269 0.00
884.376 0.00
884.482 0.00
884.587 0.00
884.694 0.00
884.800 0.00
884.906 0.00
885.011 0.00
885.117 0.00
885.223 0.00
885.331 0.00
885.435 0.00
885.542 0.00
885.648 51.00
885.754 0.00
885.860 0.00
885.966 0.00
886.072 0.00
886.178 0.00
886.285 0.00
886.390 0.00
886.496 0.00
886.603 0.00
886.708 0.00
886.814 0.00
886.921 0.00
887.026 0.00
887.135 0.00
887.243 0.00
887.345 336.00
887.450 0.00
887.557 0.00
887.662 0.00
887.768 0.00
887.875 0.00
887.981 0.00
888.087 0.00
888.193 123.00
888.299 0.00
888.405 0.00
888.512 0.00
888.617 0.00
888.723 0.00
888.829 0.00
888.935 76.00
889.041 0.00
889.148 0.00
889.253 0.00
889.359 0.00
889.466 0.00
889.571 0.00
889.677 0.00
889.784 0.00
889.890 0.00
889.995 0.00
890.107 0.00
890.209 0.00
890.315 0.00
890.422 0.00
890.526 0.00
890.632 0.00
890.739 0.00
890.845 0.00
890.951 0.00
891.057 0.00
891.164 0.00
891.269 0.00
891.375 0.00
891.482 0.00
891.588 0.00
891.693 0.00
891.799 0.00
891.905 0.00
892.012 0.00
892.118 0.00
892.224 0.00
892.329 0.00
892.435 0.00
892.542 0.00
892.648 0.00
892.754 0.00
892.860 0.00
892.966 0.00
893.072 0.00
893.179 0.00
893.286 0.00
893.390 0.00
893.497 0.00
893.602 0.00
893.710 0.00
893.814 0.00
893.920 0.00
894.030 0.00
894.132 0.00
894.238 0.00
894.345 0.00
894.451 71.00
894.557 0.00
894.662 0.00
894.769 0.00
894.874 0.00
894.981 0.00
895.087 0.00
895.194 0.00
895.299 0.00
895.405 0.00
895.511 0.00
895.617 0.00
895.723 0.00
895.830 0.00
895.935 0.00
896.041 0.00
896.147 0.00
896.254 0.00
896.359 0.00
896.465 0.00
896.578 0.00
896.678 0.00
896.799 0.00
896.901 0.00
897.013 0.00
897.117 0.00
897.221 0.00
897.327 0.00
897.433 0.00
897.539 0.00
897.646 0.00
897.750 0.00
897.857 0.00
897.963 0.00
898.069 0.00
898.175 0.00
898.281 0.00
898.387 0.00
898.493 0.00
898.599 0.00
898.705 0.00
898.812 0.00
898.917 0.00
899.023 0.00
899.130 0.00
899.235 0.00
899.342 0.00
899.447 0.00
899.554 0.00
899.659 0.00
899.766 0.00
899.883 0.00
899.984 0.00
900.092 0.00
900.195 0.00
900.302 38.00
900.408 0.00
900.516 0.00
900.620 0.00
900.725 0.00
900.833 0.00
900.939 0.00
901.044 0.00
901.151 0.00
901.256 0.00
901.362 0.00
901.469 0.00
901.575 0.00
901.680 0.00
901.787 0.00
901.892 0.00
